# fluctuation function F(s) [order:2] , log(s), log(F(s))#
# M e s s w e r t t a b e l l e  der Reihen:
#
# 65536 => gaussian (mu=1.0, sigma=1.0) [285,285] Werte
# 65536 => gaussian (mu=1.0, sigma=0.5) [285,285] Werte
# 65536 => uniform (0.0,2.0) [285,285] Werte
# 65536 => exp (lambda=5.0) [285,285] Werte
# 65536 => pareto (alpha=1.0) [285,285] Werte
# FourierFilterd (beta=0.8){65536 => gaussian} (max=0.04987631677811385) [285,285] Werte
# FourierFilterd (beta=0.9){65536 => gaussian} (max=0.03658045789442408) [285,285] Werte
# m=0.5) [10,10] Werte
# m=0.9) [10,10] Werte
#
#
#s	F(s)	s	F(s)	s	F(s)	s	F(s)	s	F(s)	s	F(s)	s	F(s)	x	y	x	y	
0,60206	-0,56282	0,60206	-0,86776	0,60206	-0,80073	0,60206	-1,26047	0,60206	2,04822	0,60206	-1,42289	0,60206	-1,55614	0,60206	2,50000	0,60206	-5,00000	
0,69897	-0,43177	0,69897	-0,73382	0,69897	-0,67043	0,69897	-1,12969	0,69897	2,10201	0,69897	-1,26276	0,69897	-1,39369	0,69897	3,00000	0,69897	-4,10000	
0,77815	-0,35796	0,77815	-0,65852	0,77815	-0,59781	0,77815	-1,05798	0,77815	2,11110	0,77815	-1,16651	0,77815	-1,29334	0,77815	3,50000	0,77815	-3,20000	
0,84510	-0,30327	0,84510	-0,60732	0,84510	-0,54537	0,84510	-1,00403	0,84510	2,27657	0,84510	-1,09569	0,84510	-1,22253	0,84510	4,00000	0,84510	-2,30000	
0,90309	-0,26470	0,90309	-0,56859	0,90309	-0,50539	0,90309	-0,96582	0,90309	2,31799	0,90309	-1,03788	0,90309	-1,15900	0,90309	4,50000	0,90309	-1,40000	
0,95424	-0,23174	0,95424	-0,53442	0,95424	-0,47311	0,95424	-0,92953	0,95424	2,32615	0,95424	-0,98702	0,95424	-1,10666	0,95424	5,00000	0,95424	-0,50000	
1,00000	-0,20521	1,00000	-0,50658	1,00000	-0,44298	1,00000	-0,90401	1,00000	2,28563	1,00000	-0,94484	1,00000	-1,06357	1,00000	5,50000	1,00000	0,40000	
1,04139	-0,18313	1,04139	-0,48229	1,04139	-0,41805	1,04139	-0,87973	1,04139	2,27502	1,04139	-0,90664	1,04139	-1,02271	1,04139	6,00000	1,04139	1,30000	
1,07918	-0,16083	1,07918	-0,45955	1,07918	-0,39751	1,07918	-0,85568	1,07918	2,45409	1,07918	-0,87268	1,07918	-0,98597	1,07918	6,50000	1,07918	2,20000	
1,11394	-0,14062	1,11394	-0,43950	1,11394	-0,37710	1,11394	-0,83764	1,11394	2,43873	1,11394	-0,83990	1,11394	-0,95377	1,11394	7,00000	1,11394	3,10000	
1,14613	-0,12465	1,14613	-0,42304	1,14613	-0,35923	1,14613	-0,81948	1,14613	2,44554	1,14613	-0,81320	1,14613	-0,92454	1,14613	-5,00000	1,14613	-5,00000	
1,17609	-0,10686	1,17609	-0,40853	1,17609	-0,34325	1,17609	-0,80263	1,17609	2,36645	1,17609	-0,78661	1,17609	-0,89373	1,17609	-5,00000	1,17609	-5,00000	
1,20412	-0,09140	1,20412	-0,39332	1,20412	-0,32861	1,20412	-0,78560	1,20412	2,48680	1,20412	-0,76255	1,20412	-0,86901	1,20412	-5,00000	1,20412	-5,00000	
1,23045	-0,07859	1,23045	-0,37804	1,23045	-0,31337	1,23045	-0,77434	1,23045	2,50176	1,23045	-0,73648	1,23045	-0,84275	1,23045	-5,00000	1,23045	-5,00000	
1,25527	-0,06559	1,25527	-0,36303	1,25527	-0,29911	1,25527	-0,76234	1,25527	2,50164	1,25527	-0,71767	1,25527	-0,81486	1,25527	-5,00000	1,25527	-5,00000	
1,27875	-0,05364	1,27875	-0,35044	1,27875	-0,28909	1,27875	-0,74953	1,27875	2,54871	1,27875	-0,69783	1,27875	-0,79646	1,27875	-5,00000	1,27875	-5,00000	
1,30103	-0,04071	1,30103	-0,34081	1,30103	-0,27738	1,30103	-0,73654	1,30103	2,54737	1,30103	-0,67488	1,30103	-0,77919	1,30103	-5,00000	1,30103	-5,00000	
1,32222	-0,02985	1,32222	-0,32885	1,32222	-0,26530	1,32222	-0,72279	1,32222	2,53489	1,32222	-0,65796	1,32222	-0,75230	1,32222	-5,00000	1,32222	-5,00000	
1,34242	-0,02022	1,34242	-0,31832	1,34242	-0,25433	1,34242	-0,71429	1,34242	2,48372	1,34242	-0,63855	1,34242	-0,73278	1,34242	-5,00000	1,34242	-5,00000	
1,36173	-0,01232	1,36173	-0,31150	1,36173	-0,24516	1,36173	-0,70468	1,36173	2,53406	1,36173	-0,62276	1,36173	-0,71920	1,36173	-5,00000	1,36173	-5,00000	
1,38021	-0,00181	1,38021	-0,29584	1,38021	-0,23491	1,38021	-0,69298	1,38021	2,56441	1,38021	-0,60611	1,38021	-0,70021	1,38021	-5,00000	1,38021	-5,00000	
1,39794	0,00831	1,39794	-0,28877	1,39794	-0,22583	1,39794	-0,68313	1,39794	2,56552	1,39794	-0,59181	1,39794	-0,68709	1,39794	-5,00000	1,39794	-5,00000	
1,41497	0,01606	1,41497	-0,27895	1,41497	-0,21718	1,41497	-0,67601	1,41497	2,58749	1,41497	-0,57747	1,41497	-0,67242	1,41497	-5,00000	1,41497	-5,00000	
1,43136	0,02236	1,43136	-0,27155	1,43136	-0,20914	1,43136	-0,66827	1,43136	2,56846	1,43136	-0,55789	1,43136	-0,65561	1,43136	-5,00000	1,43136	-5,00000	
1,44716	0,03541	1,44716	-0,26517	1,44716	-0,20077	1,44716	-0,65767	1,44716	2,61892	1,44716	-0,54506	1,44716	-0,64134	1,44716	-5,00000	1,44716	-5,00000	
1,46240	0,04186	1,46240	-0,25577	1,46240	-0,19317	1,46240	-0,65057	1,46240	2,62320	1,46240	-0,53186	1,46240	-0,62320	1,46240	-5,00000	1,46240	-5,00000	
1,47712	0,05143	1,47712	-0,24925	1,47712	-0,18605	1,47712	-0,64382	1,47712	2,56919	1,47712	-0,52114	1,47712	-0,60656	1,47712	-5,00000	1,47712	-5,00000	
1,49136	0,05604	1,49136	-0,23897	1,49136	-0,17902	1,49136	-0,63949	1,49136	2,61510	1,49136	-0,50452	1,49136	-0,59432	1,49136	-5,00000	1,49136	-5,00000	
1,50515	0,06188	1,50515	-0,23275	1,50515	-0,17194	1,50515	-0,62882	1,50515	2,61982	1,50515	-0,49401	1,50515	-0,58857	1,50515	-5,00000	1,50515	-5,00000	
1,51851	0,07206	1,51851	-0,22684	1,51851	-0,16590	1,51851	-0,62330	1,51851	2,57262	1,51851	-0,48121	1,51851	-0,57580	1,51851	-5,00000	1,51851	-5,00000	
1,53148	0,07936	1,53148	-0,21941	1,53148	-0,15747	1,53148	-0,62005	1,53148	2,65324	1,53148	-0,47101	1,53148	-0,56211	1,53148	-5,00000	1,53148	-5,00000	
1,54407	0,08480	1,54407	-0,21738	1,54407	-0,15295	1,54407	-0,61087	1,54407	2,67219	1,54407	-0,45751	1,54407	-0,55155	1,54407	-5,00000	1,54407	-5,00000	
1,55630	0,09190	1,55630	-0,21143	1,55630	-0,14572	1,55630	-0,60278	1,55630	2,66206	1,55630	-0,44630	1,55630	-0,53580	1,55630	-5,00000	1,55630	-5,00000	
1,56820	0,09733	1,56820	-0,20294	1,56820	-0,13932	1,56820	-0,59696	1,56820	2,66805	1,56820	-0,43836	1,56820	-0,52585	1,56820	-5,00000	1,56820	-5,00000	
1,57978	0,10295	1,57978	-0,19702	1,57978	-0,13163	1,57978	-0,59328	1,57978	2,66433	1,57978	-0,42908	1,57978	-0,51664	1,57978	-5,00000	1,57978	-5,00000	
1,59106	0,11046	1,59106	-0,18934	1,59106	-0,13105	1,59106	-0,58731	1,59106	2,68061	1,59106	-0,41964	1,59106	-0,49922	1,59106	-5,00000	1,59106	-5,00000	
1,61278	0,11891	1,61278	-0,17913	1,61278	-0,11506	1,61278	-0,57727	1,61278	2,65623	1,61278	-0,39639	1,61278	-0,48279	1,61278	-5,00000	1,61278	-5,00000	
1,62325	0,12507	1,62325	-0,17321	1,62325	-0,11289	1,62325	-0,57117	1,62325	2,67055	1,62325	-0,39119	1,62325	-0,47376	1,62325	-5,00000	1,62325	-5,00000	
1,63347	0,13255	1,63347	-0,16686	1,63347	-0,10389	1,63347	-0,56731	1,63347	2,66770	1,63347	-0,37764	1,63347	-0,46177	1,63347	-5,00000	1,63347	-5,00000	
1,64345	0,13711	1,64345	-0,16468	1,64345	-0,10260	1,64345	-0,56191	1,64345	2,72527	1,64345	-0,36929	1,64345	-0,45587	1,64345	-5,00000	1,64345	-5,00000	
1,66276	0,14381	1,66276	-0,15213	1,66276	-0,09266	1,66276	-0,55208	1,66276	2,66873	1,66276	-0,35174	1,66276	-0,43292	1,66276	-5,00000	1,66276	-5,00000	
1,67210	0,14902	1,67210	-0,14843	1,67210	-0,08941	1,67210	-0,54979	1,67210	2,68633	1,67210	-0,34784	1,67210	-0,42457	1,67210	-5,00000	1,67210	-5,00000	
1,69020	0,15939	1,69020	-0,13933	1,69020	-0,07933	1,69020	-0,53843	1,69020	2,71688	1,69020	-0,32790	1,69020	-0,41519	1,69020	-5,00000	1,69020	-5,00000	
1,69897	0,16554	1,69897	-0,13240	1,69897	-0,06996	1,69897	-0,53338	1,69897	2,73830	1,69897	-0,32370	1,69897	-0,39846	1,69897	-5,00000	1,69897	-5,00000	
1,71600	0,17433	1,71600	-0,12411	1,71600	-0,06977	1,71600	-0,52717	1,71600	2,74487	1,71600	-0,30513	1,71600	-0,38292	1,71600	-5,00000	1,71600	-5,00000	
1,72428	0,17609	1,72428	-0,11910	1,72428	-0,06174	1,72428	-0,52107	1,72428	2,76433	1,72428	-0,30045	1,72428	-0,37792	1,72428	-5,00000	1,72428	-5,00000	
1,74036	0,18458	1,74036	-0,11152	1,74036	-0,05361	1,74036	-0,51189	1,74036	2,67887	1,74036	-0,28012	1,74036	-0,36465	1,74036	-5,00000	1,74036	-5,00000	
1,74819	0,19076	1,74819	-0,11066	1,74819	-0,04756	1,74819	-0,50916	1,74819	2,73306	1,74819	-0,27926	1,74819	-0,35659	1,74819	-5,00000	1,74819	-5,00000	
1,76343	0,19764	1,76343	-0,10194	1,76343	-0,04047	1,76343	-0,50332	1,76343	2,76217	1,76343	-0,26125	1,76343	-0,34663	1,76343	-5,00000	1,76343	-5,00000	
1,77815	0,20762	1,77815	-0,09595	1,77815	-0,02741	1,77815	-0,49332	1,77815	2,78553	1,77815	-0,24873	1,77815	-0,32768	1,77815	-5,00000	1,77815	-5,00000	
1,78533	0,20888	1,78533	-0,08777	1,78533	-0,02723	1,78533	-0,49020	1,78533	2,80025	1,78533	-0,23931	1,78533	-0,31983	1,78533	-5,00000	1,78533	-5,00000	
1,79934	0,21270	1,79934	-0,08379	1,79934	-0,02054	1,79934	-0,48722	1,79934	2,76359	1,79934	-0,23148	1,79934	-0,30472	1,79934	-5,00000	1,79934	-5,00000	
1,81291	0,22501	1,81291	-0,07757	1,81291	-0,01585	1,81291	-0,47699	1,81291	2,75511	1,81291	-0,21289	1,81291	-0,28955	1,81291	-5,00000	1,81291	-5,00000	
1,82607	0,23152	1,82607	-0,07228	1,82607	-0,01044	1,82607	-0,47279	1,82607	2,78654	1,82607	-0,20227	1,82607	-0,28424	1,82607	-5,00000	1,82607	-5,00000	
1,83885	0,23525	1,83885	-0,06867	1,83885	-0,00008	1,83885	-0,46761	1,83885	2,76376	1,83885	-0,19434	1,83885	-0,27144	1,83885	-5,00000	1,83885	-5,00000	
1,85126	0,23872	1,85126	-0,05608	1,85126	0,00145	1,85126	-0,45808	1,85126	2,83305	1,85126	-0,18831	1,85126	-0,25852	1,85126	-5,00000	1,85126	-5,00000	
1,86332	0,24925	1,86332	-0,04972	1,86332	0,01099	1,86332	-0,45471	1,86332	2,81202	1,86332	-0,17203	1,86332	-0,24336	1,86332	-5,00000	1,86332	-5,00000	
1,88081	0,25671	1,88081	-0,04545	1,88081	0,02242	1,88081	-0,44619	1,88081	2,82772	1,88081	-0,15618	1,88081	-0,22601	1,88081	-5,00000	1,88081	-5,00000	
1,89209	0,26681	1,89209	-0,03855	1,89209	0,02302	1,89209	-0,44064	1,89209	2,81357	1,89209	-0,14105	1,89209	-0,21857	1,89209	-5,00000	1,89209	-5,00000	
1,90309	0,27012	1,90309	-0,02948	1,90309	0,03110	1,90309	-0,43234	1,90309	2,83165	1,90309	-0,13043	1,90309	-0,20615	1,90309	-5,00000	1,90309	-5,00000	
1,91908	0,27323	1,91908	-0,02565	1,91908	0,04013	1,91908	-0,42630	1,91908	2,75772	1,91908	-0,11772	1,91908	-0,18319	1,91908	-5,00000	1,91908	-5,00000	
1,92942	0,27905	1,92942	-0,02142	1,92942	0,04441	1,92942	-0,42238	1,92942	2,85580	1,92942	-0,11589	1,92942	-0,18345	1,92942	-5,00000	1,92942	-5,00000	
1,94448	0,28906	1,94448	-0,01407	1,94448	0,05152	1,94448	-0,41125	1,94448	2,83909	1,94448	-0,09584	1,94448	-0,17622	1,94448	-5,00000	1,94448	-5,00000	
1,95424	0,29775	1,95424	-0,01149	1,95424	0,05758	1,95424	-0,41150	1,95424	2,85546	1,95424	-0,09798	1,95424	-0,15445	1,95424	-5,00000	1,95424	-5,00000	
1,96848	0,30123	1,96848	0,00126	1,96848	0,06440	1,96848	-0,39965	1,96848	2,88761	1,96848	-0,07903	1,96848	-0,14937	1,96848	-5,00000	1,96848	-5,00000	
1,98227	0,30999	1,98227	0,00509	1,98227	0,07024	1,98227	-0,39527	1,98227	2,88564	1,98227	-0,06869	1,98227	-0,13545	1,98227	-5,00000	1,98227	-5,00000	
1,99564	0,31710	1,99564	0,01591	1,99564	0,07712	1,99564	-0,38791	1,99564	2,88662	1,99564	-0,05001	1,99564	-0,12836	1,99564	-5,00000	1,99564	-5,00000	
2,00860	0,32142	2,00860	0,02040	2,00860	0,08398	2,00860	-0,38214	2,00860	2,88208	2,00860	-0,04081	2,00860	-0,10327	2,00860	-5,00000	2,00860	-5,00000	
2,02119	0,32524	2,02119	0,03125	2,02119	0,08968	2,02119	-0,37981	2,02119	2,84587	2,02119	-0,02097	2,02119	-0,09854	2,02119	-5,00000	2,02119	-5,00000	
2,03342	0,33567	2,03342	0,03090	2,03342	0,09934	2,03342	-0,37118	2,03342	2,88754	2,03342	-0,01929	2,03342	-0,08491	2,03342	-5,00000	2,03342	-5,00000	
2,04532	0,34130	2,04532	0,04060	2,04532	0,10479	2,04532	-0,36358	2,04532	2,86073	2,04532	0,00019	2,04532	-0,07358	2,04532	-5,00000	2,04532	-5,00000	
2,05690	0,34702	2,05690	0,04709	2,05690	0,11032	2,05690	-0,35693	2,05690	2,90514	2,05690	-0,00281	2,05690	-0,06355	2,05690	-5,00000	2,05690	-5,00000	
2,07188	0,35649	2,07188	0,05374	2,07188	0,11545	2,07188	-0,34679	2,07188	2,92914	2,07188	0,02066	2,07188	-0,05056	2,07188	-5,00000	2,07188	-5,00000	
2,08279	0,36167	2,08279	0,06059	2,08279	0,12089	2,08279	-0,35052	2,08279	2,91974	2,08279	0,02544	2,08279	-0,03044	2,08279	-5,00000	2,08279	-5,00000	
2,09691	0,36940	2,09691	0,06996	2,09691	0,13279	2,09691	-0,33662	2,09691	2,93524	2,09691	0,04285	2,09691	-0,02537	2,09691	-5,00000	2,09691	-5,00000	
2,11059	0,37788	2,11059	0,07502	2,11059	0,13386	2,11059	-0,33292	2,11059	2,94149	2,11059	0,05183	2,11059	-0,01315	2,11059	-5,00000	2,11059	-5,00000	
2,12385	0,38439	2,12385	0,08005	2,12385	0,14464	2,12385	-0,32639	2,12385	2,97543	2,12385	0,06568	2,12385	-0,01146	2,12385	-5,00000	2,12385	-5,00000	
2,13672	0,38971	2,13672	0,08833	2,13672	0,14575	2,13672	-0,32198	2,13672	2,95800	2,13672	0,08033	2,13672	0,00820	2,13672	-5,00000	2,13672	-5,00000	
2,14922	0,39434	2,14922	0,09658	2,14922	0,16052	2,14922	-0,31564	2,14922	2,94859	2,14922	0,09010	2,14922	0,01885	2,14922	-5,00000	2,14922	-5,00000	
2,16137	0,40474	2,16137	0,10208	2,16137	0,15926	2,16137	-0,31074	2,16137	2,96431	2,16137	0,10422	2,16137	0,03663	2,16137	-5,00000	2,16137	-5,00000	
2,17319	0,40426	2,17319	0,11063	2,17319	0,16333	2,17319	-0,29923	2,17319	2,96638	2,17319	0,11720	2,17319	0,05058	2,17319	-5,00000	2,17319	-5,00000	
2,18752	0,40875	2,18752	0,11240	2,18752	0,17071	2,18752	-0,29793	2,18752	2,95566	2,18752	0,12190	2,18752	0,06211	2,18752	-5,00000	2,18752	-5,00000	
2,19866	0,41569	2,19866	0,11745	2,19866	0,18033	2,19866	-0,29259	2,19866	2,97338	2,19866	0,13947	2,19866	0,07071	2,19866	-5,00000	2,19866	-5,00000	
2,21219	0,42566	2,21219	0,12425	2,21219	0,18407	2,21219	-0,29192	2,21219	2,96534	2,21219	0,14899	2,21219	0,08107	2,21219	-5,00000	2,21219	-5,00000	
2,22531	0,42683	2,22531	0,13858	2,22531	0,18938	2,22531	-0,27972	2,22531	2,97235	2,22531	0,16592	2,22531	0,09912	2,22531	-5,00000	2,22531	-5,00000	
2,23805	0,44349	2,23805	0,14276	2,23805	0,19608	2,23805	-0,27200	2,23805	2,97060	2,23805	0,17219	2,23805	0,11042	2,23805	-5,00000	2,23805	-5,00000	
2,25042	0,44408	2,25042	0,15268	2,25042	0,20364	2,25042	-0,26745	2,25042	2,97705	2,25042	0,18983	2,25042	0,10939	2,25042	-5,00000	2,25042	-5,00000	
2,26482	0,45036	2,26482	0,15403	2,26482	0,20763	2,26482	-0,25466	2,26482	2,98277	2,26482	0,19500	2,26482	0,13832	2,26482	-5,00000	2,26482	-5,00000	
2,27646	0,46045	2,27646	0,16231	2,27646	0,21915	2,27646	-0,25843	2,27646	3,04564	2,27646	0,20966	2,27646	0,14898	2,27646	-5,00000	2,27646	-5,00000	
2,29003	0,46662	2,29003	0,16762	2,29003	0,21858	2,29003	-0,25117	2,29003	2,99280	2,29003	0,21868	2,29003	0,15640	2,29003	-5,00000	2,29003	-5,00000	
2,30320	0,47061	2,30320	0,17608	2,30320	0,22592	2,30320	-0,24491	2,30320	3,00526	2,30320	0,23556	2,30320	0,16584	2,30320	-5,00000	2,30320	-5,00000	
2,31597	0,48124	2,31597	0,17671	2,31597	0,23421	2,31597	-0,23320	2,31597	3,03764	2,31597	0,25162	2,31597	0,17572	2,31597	-5,00000	2,31597	-5,00000	
2,32838	0,48603	2,32838	0,18625	2,32838	0,24286	2,32838	-0,22364	2,32838	3,07752	2,32838	0,25315	2,32838	0,18511	2,32838	-5,00000	2,32838	-5,00000	
2,34044	0,49377	2,34044	0,19331	2,34044	0,24380	2,34044	-0,21789	2,34044	3,07515	2,34044	0,25908	2,34044	0,20821	2,34044	-5,00000	2,34044	-5,00000	
2,35411	0,50118	2,35411	0,20165	2,35411	0,25251	2,35411	-0,21293	2,35411	3,10784	2,35411	0,27817	2,35411	0,21379	2,35411	-5,00000	2,35411	-5,00000	
2,36736	0,51098	2,36736	0,21067	2,36736	0,25502	2,36736	-0,21002	2,36736	3,10086	2,36736	0,29352	2,36736	0,22855	2,36736	-5,00000	2,36736	-5,00000	
2,38021	0,51045	2,38021	0,21691	2,38021	0,26674	2,38021	-0,20748	2,38021	3,07616	2,38021	0,29753	2,38021	0,24118	2,38021	-5,00000	2,38021	-5,00000	
2,39270	0,51014	2,39270	0,22193	2,39270	0,27174	2,39270	-0,20042	2,39270	3,05200	2,39270	0,32622	2,39270	0,25615	2,39270	-5,00000	2,39270	-5,00000	
2,40483	0,52856	2,40483	0,21832	2,40483	0,28290	2,40483	-0,19129	2,40483	3,04743	2,40483	0,33437	2,40483	0,25486	2,40483	-5,00000	2,40483	-5,00000	
2,41830	0,53774	2,41830	0,23851	2,41830	0,28580	2,41830	-0,18733	2,41830	3,06257	2,41830	0,33868	2,41830	0,28528	2,41830	-5,00000	2,41830	-5,00000	
2,43136	0,53421	2,43136	0,24876	2,43136	0,28420	2,43136	-0,17410	2,43136	3,10251	2,43136	0,35197	2,43136	0,28618	2,43136	-5,00000	2,43136	-5,00000	
2,44404	0,54944	2,44404	0,24485	2,44404	0,29496	2,44404	-0,16300	2,44404	3,10475	2,44404	0,36235	2,44404	0,29648	2,44404	-5,00000	2,44404	-5,00000	
2,45637	0,54791	2,45637	0,24553	2,45637	0,30684	2,45637	-0,16139	2,45637	3,08292	2,45637	0,36641	2,45637	0,31656	2,45637	-5,00000	2,45637	-5,00000	
2,46982	0,55596	2,46982	0,25592	2,46982	0,31171	2,46982	-0,15904	2,46982	3,10284	2,46982	0,38257	2,46982	0,32603	2,46982	-5,00000	2,46982	-5,00000	
2,48144	0,56120	2,48144	0,25833	2,48144	0,31925	2,48144	-0,14482	2,48144	3,11935	2,48144	0,38896	2,48144	0,33636	2,48144	-5,00000	2,48144	-5,00000	
2,49554	0,57049	2,49554	0,26578	2,49554	0,31391	2,49554	-0,14258	2,49554	3,09034	2,49554	0,39434	2,49554	0,35627	2,49554	-5,00000	2,49554	-5,00000	
2,50786	0,58459	2,50786	0,27263	2,50786	0,34106	2,50786	-0,13486	2,50786	3,07517	2,50786	0,41590	2,50786	0,37382	2,50786	-5,00000	2,50786	-5,00000	
2,52114	0,58045	2,52114	0,27419	2,52114	0,34314	2,52114	-0,12929	2,52114	3,07856	2,52114	0,42775	2,52114	0,38261	2,52114	-5,00000	2,52114	-5,00000	
2,53403	0,59312	2,53403	0,29010	2,53403	0,34163	2,53403	-0,11873	2,53403	3,12003	2,53403	0,43790	2,53403	0,37711	2,53403	-5,00000	2,53403	-5,00000	
2,54654	0,59355	2,54654	0,29399	2,54654	0,35549	2,54654	-0,10824	2,54654	3,15784	2,54654	0,45653	2,54654	0,40579	2,54654	-5,00000	2,54654	-5,00000	
2,55871	0,60121	2,55871	0,30214	2,55871	0,34987	2,55871	-0,10517	2,55871	3,17047	2,55871	0,45249	2,55871	0,41131	2,55871	-5,00000	2,55871	-5,00000	
2,57171	0,61191	2,57171	0,30566	2,57171	0,36161	2,57171	-0,10233	2,57171	3,16931	2,57171	0,46770	2,57171	0,41083	2,57171	-5,00000	2,57171	-5,00000	
2,58433	0,61949	2,58433	0,31681	2,58433	0,37527	2,58433	-0,09790	2,58433	3,16317	2,58433	0,49200	2,58433	0,43782	2,58433	-5,00000	2,58433	-5,00000	
2,59770	0,61855	2,59770	0,31359	2,59770	0,38281	2,59770	-0,09903	2,59770	3,16545	2,59770	0,49057	2,59770	0,44922	2,59770	-5,00000	2,59770	-5,00000	
2,61066	0,62817	2,61066	0,32017	2,61066	0,38891	2,61066	-0,08187	2,61066	3,15526	2,61066	0,51390	2,61066	0,46563	2,61066	-5,00000	2,61066	-5,00000	
2,62325	0,63873	2,62325	0,32430	2,62325	0,39150	2,62325	-0,07967	2,62325	3,14001	2,62325	0,50785	2,62325	0,45251	2,62325	-5,00000	2,62325	-5,00000	
2,63649	0,64118	2,63649	0,33988	2,63649	0,39692	2,63649	-0,06976	2,63649	3,15715	2,63649	0,52200	2,63649	0,47498	2,63649	-5,00000	2,63649	-5,00000	
2,64933	0,65470	2,64933	0,34709	2,64933	0,41011	2,64933	-0,05573	2,64933	3,17455	2,64933	0,54074	2,64933	0,51740	2,64933	-5,00000	2,64933	-5,00000	
2,66181	0,65280	2,66181	0,35357	2,66181	0,42318	2,66181	-0,05530	2,66181	3,19869	2,66181	0,55502	2,66181	0,52268	2,66181	-5,00000	2,66181	-5,00000	
2,67486	0,67304	2,67486	0,35412	2,67486	0,41599	2,67486	-0,04992	2,67486	3,21890	2,67486	0,55714	2,67486	0,51865	2,67486	-5,00000	2,67486	-5,00000	
2,68753	0,67168	2,68753	0,35553	2,68753	0,42125	2,68753	-0,03330	2,68753	3,22257	2,68753	0,58677	2,68753	0,53112	2,68753	-5,00000	2,68753	-5,00000	
2,70070	0,68055	2,70070	0,36172	2,70070	0,43564	2,70070	-0,03626	2,70070	3,23817	2,70070	0,57765	2,70070	0,54292	2,70070	-5,00000	2,70070	-5,00000	
2,71349	0,68268	2,71349	0,36652	2,71349	0,43643	2,71349	-0,01717	2,71349	3,23838	2,71349	0,60263	2,71349	0,55512	2,71349	-5,00000	2,71349	-5,00000	
2,72591	0,68597	2,72591	0,37200	2,72591	0,43975	2,72591	-0,01963	2,72591	3,23303	2,72591	0,60789	2,72591	0,57209	2,72591	-5,00000	2,72591	-5,00000	
2,73878	0,70113	2,73878	0,38539	2,73878	0,43701	2,73878	-0,01687	2,73878	3,23563	2,73878	0,62549	2,73878	0,57471	2,73878	-5,00000	2,73878	-5,00000	
2,75128	0,70238	2,75128	0,39050	2,75128	0,45678	2,75128	-0,01275	2,75128	3,25879	2,75128	0,63037	2,75128	0,59155	2,75128	-5,00000	2,75128	-5,00000	
2,76418	0,71496	2,76418	0,39712	2,76418	0,46201	2,76418	-0,00313	2,76418	3,26500	2,76418	0,64505	2,76418	0,61578	2,76418	-5,00000	2,76418	-5,00000	
2,77743	0,71921	2,77743	0,39768	2,77743	0,46564	2,77743	0,00277	2,77743	3,26916	2,77743	0,66114	2,77743	0,63828	2,77743	-5,00000	2,77743	-5,00000	
2,79029	0,71523	2,79029	0,41361	2,79029	0,46366	2,79029	0,01368	2,79029	3,26076	2,79029	0,65324	2,79029	0,62143	2,79029	-5,00000	2,79029	-5,00000	
2,80277	0,73909	2,80277	0,40913	2,80277	0,47824	2,80277	0,00942	2,80277	3,25854	2,80277	0,67135	2,80277	0,64022	2,80277	-5,00000	2,80277	-5,00000	
2,81558	0,73623	2,81558	0,42650	2,81558	0,48570	2,81558	0,02421	2,81558	3,29871	2,81558	0,68927	2,81558	0,66996	2,81558	-5,00000	2,81558	-5,00000	
2,82866	0,74798	2,82866	0,42185	2,82866	0,49054	2,82866	0,03309	2,82866	3,29886	2,82866	0,70528	2,82866	0,66535	2,82866	-5,00000	2,82866	-5,00000	
2,84136	0,74568	2,84136	0,43004	2,84136	0,48587	2,84136	0,04085	2,84136	3,29166	2,84136	0,71246	2,84136	0,68280	2,84136	-5,00000	2,84136	-5,00000	
2,85431	0,74991	2,85431	0,42843	2,85431	0,49793	2,85431	0,04149	2,85431	3,31248	2,85431	0,72412	2,85431	0,71337	2,85431	-5,00000	2,85431	-5,00000	
2,86688	0,76585	2,86688	0,45757	2,86688	0,49760	2,86688	0,05700	2,86688	3,31771	2,86688	0,71671	2,86688	0,70872	2,86688	-5,00000	2,86688	-5,00000	
2,88024	0,76432	2,88024	0,45317	2,88024	0,51525	2,88024	0,06321	2,88024	3,33975	2,88024	0,74812	2,88024	0,73086	2,88024	-5,00000	2,88024	-5,00000	
2,89265	0,77300	2,89265	0,46084	2,89265	0,51604	2,89265	0,07087	2,89265	3,34443	2,89265	0,74769	2,89265	0,71271	2,89265	-5,00000	2,89265	-5,00000	
2,90580	0,78060	2,90580	0,47925	2,90580	0,51379	2,90580	0,08207	2,90580	3,35801	2,90580	0,76933	2,90580	0,74810	2,90580	-5,00000	2,90580	-5,00000	
2,91855	0,81147	2,91855	0,46471	2,91855	0,51966	2,91855	0,07742	2,91855	3,34096	2,91855	0,77298	2,91855	0,73397	2,91855	-5,00000	2,91855	-5,00000	
2,93146	0,79338	2,93146	0,47220	2,93146	0,53779	2,93146	0,08213	2,93146	3,32952	2,93146	0,81663	2,93146	0,75948	2,93146	-5,00000	2,93146	-5,00000	
2,94399	0,79545	2,94399	0,47219	2,94399	0,53916	2,94399	0,08085	2,94399	3,34648	2,94399	0,79903	2,94399	0,77579	2,94399	-5,00000	2,94399	-5,00000	
2,95713	0,81539	2,95713	0,49054	2,95713	0,53656	2,95713	0,09490	2,95713	3,35841	2,95713	0,79689	2,95713	0,79002	2,95713	-5,00000	2,95713	-5,00000	
2,96988	0,80935	2,96988	0,48911	2,96988	0,54902	2,96988	0,09422	2,96988	3,33648	2,96988	0,82058	2,96988	0,81467	2,96988	-5,00000	2,96988	-5,00000	
2,98272	0,83301	2,98272	0,49795	2,98272	0,54957	2,98272	0,10796	2,98272	3,35946	2,98272	0,80633	2,98272	0,84549	2,98272	-5,00000	2,98272	-5,00000	
2,99564	0,83416	2,99564	0,50346	2,99564	0,55903	2,99564	0,11766	2,99564	3,37636	2,99564	0,84384	2,99564	0,82958	2,99564	-5,00000	2,99564	-5,00000	
3,00817	0,84592	3,00817	0,50565	3,00817	0,56629	3,00817	0,12423	3,00817	3,36265	3,00817	0,86653	3,00817	0,85885	3,00817	-5,00000	3,00817	-5,00000	
3,02119	0,85038	3,02119	0,49670	3,02119	0,57633	3,02119	0,11056	3,02119	3,38615	3,02119	0,85957	3,02119	0,89346	3,02119	-5,00000	3,02119	-5,00000	
3,03423	0,85187	3,03423	0,51606	3,03423	0,57353	3,03423	0,12828	3,03423	3,38996	3,03423	0,89174	3,03423	0,89646	3,03423	-5,00000	3,03423	-5,00000	
3,04689	0,84929	3,04689	0,50256	3,04689	0,57414	3,04689	0,13332	3,04689	3,38372	3,04689	0,90006	3,04689	0,90549	3,04689	-5,00000	3,04689	-5,00000	
3,05956	0,86452	3,05956	0,53097	3,05956	0,58767	3,05956	0,14139	3,05956	3,37867	3,05956	0,88040	3,05956	0,91060	3,05956	-5,00000	3,05956	-5,00000	
3,07262	0,87896	3,07262	0,53141	3,07262	0,59795	3,07262	0,15238	3,07262	3,39169	3,07262	0,89405	3,07262	0,91150	3,07262	-5,00000	3,07262	-5,00000	
3,08529	0,86892	3,08529	0,54042	3,08529	0,59252	3,08529	0,16436	3,08529	3,35516	3,08529	0,93174	3,08529	0,94001	3,08529	-5,00000	3,08529	-5,00000	
3,09830	0,88372	3,09830	0,54968	3,09830	0,60854	3,09830	0,16981	3,09830	3,40842	3,09830	0,91274	3,09830	0,95347	3,09830	-5,00000	3,09830	-5,00000	
3,11093	0,88816	3,11093	0,54921	3,11093	0,61628	3,11093	0,16792	3,11093	3,37867	3,11093	0,95407	3,11093	0,95254	3,11093	-5,00000	3,11093	-5,00000	
3,12385	0,89120	3,12385	0,54571	3,12385	0,61780	3,12385	0,17172	3,12385	3,41913	3,12385	0,96774	3,12385	0,97571	3,12385	-5,00000	3,12385	-5,00000	
3,13672	0,90266	3,13672	0,56658	3,13672	0,62458	3,13672	0,18784	3,13672	3,39834	3,13672	0,98404	3,13672	0,99390	3,13672	-5,00000	3,13672	-5,00000	
3,14953	0,90405	3,14953	0,56665	3,14953	0,63124	3,14953	0,17667	3,14953	3,43037	3,14953	1,00712	3,14953	1,02217	3,14953	-5,00000	3,14953	-5,00000	
3,16256	0,93028	3,16256	0,56125	3,16256	0,62902	3,16256	0,19158	3,16256	3,44204	3,16256	0,96130	3,16256	1,02528	3,16256	-5,00000	3,16256	-5,00000	
3,17522	0,92763	3,17522	0,57565	3,17522	0,64018	3,17522	0,19394	3,17522	3,43523	3,17522	1,00766	3,17522	1,04147	3,17522	-5,00000	3,17522	-5,00000	
3,18808	0,91792	3,18808	0,56473	3,18808	0,64174	3,18808	0,20621	3,18808	3,42417	3,18808	1,01393	3,18808	1,04242	3,18808	-5,00000	3,18808	-5,00000	
3,20085	0,92787	3,20085	0,57878	3,20085	0,64567	3,20085	0,21913	3,20085	3,43842	3,20085	1,02516	3,20085	1,08482	3,20085	-5,00000	3,20085	-5,00000	
3,21378	0,94117	3,21378	0,57955	3,21378	0,65976	3,21378	0,21851	3,21378	3,45780	3,21378	1,05302	3,21378	1,07973	3,21378	-5,00000	3,21378	-5,00000	
3,22660	0,95501	3,22660	0,59823	3,22660	0,66536	3,22660	0,22829	3,22660	3,47290	3,22660	1,05185	3,22660	1,10366	3,22660	-5,00000	3,22660	-5,00000	
3,23955	0,95089	3,23955	0,59655	3,23955	0,69291	3,23955	0,24980	3,23955	3,43957	3,23955	1,05821	3,23955	1,07646	3,23955	-5,00000	3,23955	-5,00000	
3,25237	0,93058	3,25237	0,60166	3,25237	0,69589	3,25237	0,23722	3,25237	3,45729	3,25237	1,04863	3,25237	1,09823	3,25237	-5,00000	3,25237	-5,00000	
3,26505	0,96320	3,26505	0,61701	3,26505	0,68685	3,26505	0,21197	3,26505	3,47767	3,26505	1,08852	3,26505	1,10166	3,26505	-5,00000	3,26505	-5,00000	
3,27807	0,95514	3,27807	0,62415	3,27807	0,71021	3,27807	0,24048	3,27807	3,51804	3,27807	1,10264	3,27807	1,14014	3,27807	-5,00000	3,27807	-5,00000	
3,29070	0,96899	3,29070	0,62251	3,29070	0,73409	3,29070	0,25519	3,29070	3,52025	3,29070	1,06798	3,29070	1,16545	3,29070	-5,00000	3,29070	-5,00000	
3,30363	0,98482	3,30363	0,61589	3,30363	0,70658	3,30363	0,27252	3,30363	3,49263	3,30363	1,11445	3,30363	1,14468	3,30363	-5,00000	3,30363	-5,00000	
3,31639	1,00219	3,31639	0,63026	3,31639	0,69145	3,31639	0,26130	3,31639	3,50297	3,31639	1,13183	3,31639	1,15415	3,31639	-5,00000	3,31639	-5,00000	
3,32940	1,01242	3,32940	0,63991	3,32940	0,71155	3,32940	0,27216	3,32940	3,53820	3,32940	1,06603	3,32940	1,16153	3,32940	-5,00000	3,32940	-5,00000	
3,34223	1,00383	3,34223	0,62494	3,34223	0,73390	3,34223	0,27074	3,34223	3,53386	3,34223	1,12991	3,34223	1,23506	3,34223	-5,00000	3,34223	-5,00000	
3,35507	1,01263	3,35507	0,65613	3,35507	0,73304	3,35507	0,30850	3,35507	3,47548	3,35507	1,20116	3,35507	1,18556	3,35507	-5,00000	3,35507	-5,00000	
3,36791	0,99493	3,36791	0,66740	3,36791	0,73035	3,36791	0,27585	3,36791	3,50995	3,36791	1,18992	3,36791	1,21755	3,36791	-5,00000	3,36791	-5,00000	
3,38057	1,02904	3,38057	0,66690	3,38057	0,74585	3,38057	0,32134	3,38057	3,54656	3,38057	1,18921	3,38057	1,22418	3,38057	-5,00000	3,38057	-5,00000	
3,39358	1,03836	3,39358	0,65794	3,39358	0,75433	3,39358	0,31115	3,39358	3,51769	3,39358	1,19077	3,39358	1,25811	3,39358	-5,00000	3,39358	-5,00000	
3,40637	1,03790	3,40637	0,67764	3,40637	0,74776	3,40637	0,31496	3,40637	3,57738	3,40637	1,20639	3,40637	1,22349	3,40637	-5,00000	3,40637	-5,00000	
3,41913	1,04646	3,41913	0,68238	3,41913	0,76600	3,41913	0,35622	3,41913	3,50733	3,41913	1,19699	3,41913	1,26546	3,41913	-5,00000	3,41913	-5,00000	
3,43201	1,05205	3,43201	0,68781	3,43201	0,77383	3,43201	0,33148	3,43201	3,53837	3,43201	1,22997	3,43201	1,25181	3,43201	-5,00000	3,43201	-5,00000	
3,44483	1,06971	3,44483	0,72400	3,44483	0,76536	3,44483	0,35242	3,44483	3,56333	3,44483	1,19908	3,44483	1,24747	3,44483	-5,00000	3,44483	-5,00000	
3,45773	1,05166	3,45773	0,70918	3,45773	0,77891	3,45773	0,32068	3,45773	3,54198	3,45773	1,27733	3,45773	1,30903	3,45773	-5,00000	3,45773	-5,00000	
3,47056	1,07526	3,47056	0,73500	3,47056	0,77799	3,47056	0,35712	3,47056	3,61510	3,47056	1,29513	3,47056	1,31393	3,47056	-5,00000	3,47056	-5,00000	
3,48330	1,10411	3,48330	0,72534	3,48330	0,81601	3,48330	0,36064	3,48330	3,57459	3,48330	1,27744	3,48330	1,36480	3,48330	-5,00000	3,48330	-5,00000	
3,49624	1,06853	3,49624	0,72765	3,49624	0,79685	3,49624	0,38203	3,49624	3,61407	3,49624	1,30556	3,49624	1,34776	3,49624	-5,00000	3,49624	-5,00000	
3,50907	1,11063	3,50907	0,76412	3,50907	0,81217	3,50907	0,37906	3,50907	3,60028	3,50907	1,28656	3,50907	1,35315	3,50907	-5,00000	3,50907	-5,00000	
3,52192	1,09103	3,52192	0,75004	3,52192	0,79465	3,52192	0,40212	3,52192	3,60633	3,52192	1,32430	3,52192	1,33671	3,52192	-5,00000	3,52192	-5,00000	
3,53466	1,12093	3,53466	0,78298	3,53466	0,79921	3,53466	0,39035	3,53466	3,60659	3,53466	1,36175	3,53466	1,39352	3,53466	-5,00000	3,53466	-5,00000	
3,54753	1,12786	3,54753	0,74842	3,54753	0,83876	3,54753	0,39108	3,54753	3,60515	3,54753	1,31059	3,54753	1,40262	3,54753	-5,00000	3,54753	-5,00000	
3,56038	1,12414	3,56038	0,81337	3,56038	0,81990	3,56038	0,40853	3,56038	3,62708	3,56038	1,38291	3,56038	1,35678	3,56038	-5,00000	3,56038	-5,00000	
3,57322	1,14480	3,57322	0,76449	3,57322	0,82424	3,57322	0,41343	3,57322	3,62484	3,57322	1,36348	3,57322	1,45441	3,57322	-5,00000	3,57322	-5,00000	
3,58602	1,14010	3,58602	0,80081	3,58602	0,85210	3,58602	0,45159	3,58602	3,69438	3,58602	1,39496	3,58602	1,43220	3,58602	-5,00000	3,58602	-5,00000	
3,59890	1,15595	3,59890	0,80147	3,59890	0,83716	3,59890	0,39905	3,59890	3,65107	3,59890	1,39835	3,59890	1,40149	3,59890	-5,00000	3,59890	-5,00000	
3,61172	1,12745	3,61172	0,82894	3,61172	0,82927	3,61172	0,40669	3,61172	3,66673	3,61172	1,39149	3,61172	1,41691	3,61172	-5,00000	3,61172	-5,00000	
3,62459	1,15268	3,62459	0,78509	3,62459	0,84794	3,62459	0,45581	3,62459	3,65720	3,62459	1,42547	3,62459	1,47073	3,62459	-5,00000	3,62459	-5,00000	
3,63739	1,16770	3,63739	0,80077	3,63739	0,85708	3,63739	0,46166	3,63739	3,58187	3,63739	1,43141	3,63739	1,43166	3,63739	-5,00000	3,63739	-5,00000	
3,65021	1,15955	3,65021	0,84495	3,65021	0,84019	3,65021	0,43380	3,65021	3,69254	3,65021	1,43503	3,65021	1,44182	3,65021	-5,00000	3,65021	-5,00000	
3,66304	1,17866	3,66304	0,78989	3,66304	0,87269	3,66304	0,47924	3,66304	3,67927	3,66304	1,42645	3,66304	1,48331	3,66304	-5,00000	3,66304	-5,00000	
3,67596	1,18130	3,67596	0,86862	3,67596	0,86658	3,67596	0,45405	3,67596	3,62016	3,67596	1,47046	3,67596	1,52672	3,67596	-5,00000	3,67596	-5,00000	
3,68878	1,16313	3,68878	0,81341	3,68878	0,86662	3,68878	0,45763	3,68878	3,72088	3,68878	1,51246	3,68878	1,51806	3,68878	-5,00000	3,68878	-5,00000	
3,70157	1,15988	3,70157	0,83605	3,70157	0,87194	3,70157	0,49794	3,70157	3,72266	3,70157	1,48794	3,70157	1,50413	3,70157	-5,00000	3,70157	-5,00000	
3,71441	1,19354	3,71441	0,86095	3,71441	0,87763	3,71441	0,50056	3,71441	3,64776	3,71441	1,48472	3,71441	1,48703	3,71441	-5,00000	3,71441	-5,00000	
3,72730	1,18205	3,72730	0,85250	3,72730	0,90439	3,72730	0,48240	3,72730	3,71971	3,72730	1,53206	3,72730	1,53946	3,72730	-5,00000	3,72730	-5,00000	
3,74013	1,20029	3,74013	0,89507	3,74013	0,91408	3,74013	0,46552	3,74013	3,77624	3,74013	1,52616	3,74013	1,57960	3,74013	-5,00000	3,74013	-5,00000	
3,75297	1,20683	3,75297	0,91410	3,75297	0,91069	3,75297	0,49062	3,75297	3,73063	3,75297	1,50745	3,75297	1,54355	3,75297	-5,00000	3,75297	-5,00000	
3,76574	1,22373	3,76574	0,85489	3,76574	0,91731	3,76574	0,52569	3,76574	3,73493	3,76574	1,52703	3,76574	1,57353	3,76574	-5,00000	3,76574	-5,00000	
3,77859	1,23173	3,77859	0,87742	3,77859	0,91765	3,77859	0,54111	3,77859	3,77204	3,77859	1,55290	3,77859	1,59311	3,77859	-5,00000	3,77859	-5,00000	
3,79148	1,22765	3,79148	0,88804	3,79148	0,90970	3,79148	0,48920	3,79148	3,79192	3,79148	1,56923	3,79148	1,58282	3,79148	-5,00000	3,79148	-5,00000	
3,80428	1,22973	3,80428	0,93223	3,80428	0,92131	3,80428	0,51037	3,80428	3,77675	3,80428	1,56505	3,80428	1,64455	3,80428	-5,00000	3,80428	-5,00000	
3,81710	1,23182	3,81710	0,88657	3,81710	0,93932	3,81710	0,54432	3,81710	3,77472	3,81710	1,58368	3,81710	1,68739	3,81710	-5,00000	3,81710	-5,00000	
3,82995	1,23534	3,82995	0,95023	3,82995	0,94199	3,82995	0,56569	3,82995	3,79567	3,82995	1,58151	3,82995	1,67596	3,82995	-5,00000	3,82995	-5,00000	
3,84280	1,24516	3,84280	0,99574	3,84280	0,94871	3,84280	0,53145	3,84280	3,83040	3,84280	1,63263	3,84280	1,65022	3,84280	-5,00000	3,84280	-5,00000	
3,85564	1,21197	3,85564	0,95705	3,85564	0,94670	3,85564	0,55263	3,85564	3,79454	3,85564	1,63706	3,85564	1,61142	3,85564	-5,00000	3,85564	-5,00000	
3,86847	1,23799	3,86847	0,93079	3,86847	0,97351	3,86847	0,57904	3,86847	3,76924	3,86847	1,62655	3,86847	1,69448	3,86847	-5,00000	3,86847	-5,00000	
3,88133	1,27512	3,88133	0,95599	3,88133	0,98298	3,88133	0,55319	3,88133	3,80790	3,88133	1,59431	3,88133	1,72620	3,88133	-5,00000	3,88133	-5,00000	
3,89415	1,24724	3,89415	0,97931	3,89415	0,96451	3,89415	0,60542	3,89415	3,84841	3,89415	1,60727	3,89415	1,73191	3,89415	-5,00000	3,89415	-5,00000	
3,90698	1,27184	3,90698	1,00093	3,90698	0,96355	3,90698	0,54528	3,90698	3,87407	3,90698	1,64494	3,90698	1,72761	3,90698	-5,00000	3,90698	-5,00000	
3,91981	1,28981	3,91981	0,96917	3,91981	0,95534	3,91981	0,56735	3,91981	3,84309	3,91981	1,70823	3,91981	1,69596	3,91981	-5,00000	3,91981	-5,00000	
3,93268	1,28966	3,93268	0,96503	3,93268	0,97413	3,93268	0,60920	3,93268	3,83816	3,93268	1,70847	3,93268	1,63901	3,93268	-5,00000	3,93268	-5,00000	
3,94552	1,29902	3,94552	1,02833	3,94552	0,99174	3,94552	0,59590	3,94552	3,85669	3,94552	1,71668	3,94552	1,69665	3,94552	-5,00000	3,94552	-5,00000	
3,95832	1,30732	3,95832	0,99599	3,95832	1,03039	3,95832	0,61263	3,95832	3,87109	3,95832	1,73987	3,95832	1,79498	3,95832	-5,00000	3,95832	-5,00000	
3,97118	1,29903	3,97118	1,02007	3,97118	1,02031	3,97118	0,61112	3,97118	3,91798	3,97118	1,72326	3,97118	1,75703	3,97118	-5,00000	3,97118	-5,00000	
3,98403	1,28806	3,98403	0,97849	3,98403	1,01954	3,98403	0,59444	3,98403	3,92511	3,98403	1,76707	3,98403	1,76312	3,98403	-5,00000	3,98403	-5,00000	
3,99686	1,31243	3,99686	0,99662	3,99686	1,00816	3,99686	0,59090	3,99686	3,88915	3,99686	1,79471	3,99686	1,80950	3,99686	-5,00000	3,99686	-5,00000	
4,00966	1,33520	4,00966	1,04827	4,00966	1,03177	4,00966	0,61138	4,00966	3,89790	4,00966	1,78869	4,00966	1,86046	4,00966	-5,00000	4,00966	-5,00000	
4,02251	1,33903	4,02251	1,06457	4,02251	1,04496	4,02251	0,67863	4,02251	3,88536	4,02251	1,74648	4,02251	1,85534	4,02251	-5,00000	4,02251	-5,00000	
4,03535	1,33512	4,03535	1,09481	4,03535	1,03195	4,03535	0,66584	4,03535	3,89208	4,03535	1,71889	4,03535	1,83178	4,03535	-5,00000	4,03535	-5,00000	
4,04821	1,33091	4,04821	1,06147	4,04821	1,03680	4,04821	0,64150	4,04821	3,95130	4,04821	1,75942	4,04821	1,89264	4,04821	-5,00000	4,04821	-5,00000	
4,06104	1,34899	4,06104	1,07092	4,06104	1,02583	4,06104	0,63125	4,06104	3,97626	4,06104	1,75796	4,06104	1,95780	4,06104	-5,00000	4,06104	-5,00000	
4,07386	1,34242	4,07386	1,07083	4,07386	1,00663	4,07386	0,65782	4,07386	3,96398	4,07386	1,75161	4,07386	1,95231	4,07386	-5,00000	4,07386	-5,00000	
4,08672	1,34777	4,08672	1,11191	4,08672	1,03159	4,08672	0,66577	4,08672	3,94561	4,08672	1,77802	4,08672	1,91324	4,08672	-5,00000	4,08672	-5,00000	
4,09954	1,32374	4,09954	1,11456	4,09954	1,01284	4,09954	0,69681	4,09954	3,95451	4,09954	1,78827	4,09954	1,87914	4,09954	-5,00000	4,09954	-5,00000	
4,11237	1,33592	4,11237	1,08640	4,11237	1,01057	4,11237	0,71178	4,11237	3,87772	4,11237	1,80137	4,11237	1,93615	4,11237	-5,00000	4,11237	-5,00000	
4,12522	1,37145	4,12522	1,04977	4,12522	1,05036	4,12522	0,71172	4,12522	3,99041	4,12522	1,85993	4,12522	1,95830	4,12522	-5,00000	4,12522	-5,00000	
4,13805	1,38881	4,13805	1,03357	4,13805	1,08848	4,13805	0,71065	4,13805	3,97891	4,13805	1,84484	4,13805	1,92183	4,13805	-5,00000	4,13805	-5,00000	
4,15088	1,38198	4,15088	1,02285	4,15088	1,11350	4,15088	0,70027	4,15088	4,00531	4,15088	1,80993	4,15088	1,92399	4,15088	-5,00000	4,15088	-5,00000	
4,16373	1,38181	4,16373	1,01307	4,16373	1,12482	4,16373	0,67050	4,16373	4,03733	4,16373	1,79736	4,16373	1,92576	4,16373	-5,00000	4,16373	-5,00000	
4,17655	1,36791	4,17655	1,00143	4,17655	1,14415	4,17655	0,70216	4,17655	4,04179	4,17655	1,80716	4,17655	1,93079	4,17655	-5,00000	4,17655	-5,00000	
4,18941	1,36946	4,18941	1,06637	4,18941	1,14977	4,18941	0,70625	4,18941	4,02378	4,18941	1,83673	4,18941	1,95137	4,18941	-5,00000	4,18941	-5,00000	
4,20224	1,36203	4,20224	1,13594	4,20224	1,13668	4,20224	0,66982	4,20224	4,01919	4,20224	1,83058	4,20224	1,98873	4,20224	-5,00000	4,20224	-5,00000	
4,21508	1,37614	4,21508	1,17877	4,21508	1,14173	4,21508	0,69710	4,21508	3,96470	4,21508	1,85250	4,21508	2,04901	4,21508	-5,00000	4,21508	-5,00000	
4,22791	1,37087	4,22791	1,18899	4,22791	1,13827	4,22791	0,74187	4,22791	3,95700	4,22791	1,85342	4,22791	2,03425	4,22791	-5,00000	4,22791	-5,00000	
4,24075	1,36045	4,24075	1,18655	4,24075	1,14136	4,24075	0,73931	4,24075	3,98327	4,24075	1,85103	4,24075	2,02173	4,24075	-5,00000	4,24075	-5,00000	
4,25358	1,36752	4,25358	1,18902	4,25358	1,15609	4,25358	0,72739	4,25358	4,05869	4,25358	1,85611	4,25358	2,03256	4,25358	-5,00000	4,25358	-5,00000	
4,26642	1,38324	4,26642	1,19296	4,26642	1,18113	4,26642	0,72402	4,26642	4,04956	4,26642	1,86805	4,26642	2,08826	4,26642	-5,00000	4,26642	-5,00000	
4,27926	1,39239	4,27926	1,18389	4,27926	1,21106	4,27926	0,72460	4,27926	4,05073	4,27926	1,87959	4,27926	2,13017	4,27926	-5,00000	4,27926	-5,00000	
4,29210	1,43825	4,29210	1,18195	4,29210	1,23411	4,29210	0,71414	4,29210	4,05963	4,29210	1,87024	4,29210	2,11998	4,29210	-5,00000	4,29210	-5,00000	
4,30494	1,41141	4,30494	1,18253	4,30494	1,22678	4,30494	0,71628	4,30494	4,07247	4,30494	1,86598	4,30494	2,06838	4,30494	-5,00000	4,30494	-5,00000	
4,31777	1,39881	4,31777	1,20551	4,31777	1,20353	4,31777	0,72677	4,31777	4,07076	4,31777	1,88918	4,31777	2,02505	4,31777	-5,00000	4,31777	-5,00000	
4,33062	1,39595	4,33062	1,21913	4,33062	1,18790	4,33062	0,73132	4,33062	4,06827	4,33062	1,91054	4,33062	2,02125	4,33062	-5,00000	4,33062	-5,00000	
4,34345	1,44784	4,34345	1,23902	4,34345	1,19676	4,34345	0,67851	4,34345	3,99322	4,34345	1,95590	4,34345	2,08781	4,34345	-5,00000	4,34345	-5,00000	
4,35629	1,48086	4,35629	1,24718	4,35629	1,18047	4,35629	0,73178	4,35629	3,98976	4,35629	1,97966	4,35629	2,10551	4,35629	-5,00000	4,35629	-5,00000	
4,36912	1,50809	4,36912	1,24021	4,36912	1,17671	4,36912	0,73448	4,36912	3,98829	4,36912	1,99285	4,36912	2,13633	4,36912	-5,00000	4,36912	-5,00000	
4,38196	1,54472	4,38196	1,24407	4,38196	1,21206	4,38196	0,72875	4,38196	3,99134	4,38196	1,98661	4,38196	2,17302	4,38196	-5,00000	4,38196	-5,00000	
4,39480	1,57905	4,39480	1,26015	4,39480	1,21586	4,39480	0,79140	4,39480	3,98910	4,39480	1,98015	4,39480	2,20457	4,39480	-5,00000	4,39480	-5,00000	
4,40765	1,59514	4,40765	1,26858	4,40765	1,21872	4,40765	0,80603	4,40765	3,98495	4,40765	1,97513	4,40765	2,22317	4,40765	-5,00000	4,40765	-5,00000	
4,42047	1,59229	4,42047	1,25652	4,42047	1,20894	4,42047	0,80329	4,42047	4,06919	4,42047	1,98709	4,42047	2,23636	4,42047	-5,00000	4,42047	-5,00000	
4,43331	1,58245	4,43331	1,25986	4,43331	1,20609	4,43331	0,80448	4,43331	4,12701	4,43331	1,99480	4,43331	2,24875	4,43331	-5,00000	4,43331	-5,00000	
4,44615	1,57033	4,44615	1,28482	4,44615	1,21937	4,44615	0,80533	4,44615	4,13167	4,44615	2,00603	4,44615	2,26982	4,44615	-5,00000	4,44615	-5,00000	
4,45899	1,56353	4,45899	1,29191	4,45899	1,25326	4,45899	0,80208	4,45899	4,12184	4,45899	2,02474	4,45899	2,30291	4,45899	-5,00000	4,45899	-5,00000	
4,47182	1,58239	4,47182	1,31533	4,47182	1,28723	4,47182	0,81249	4,47182	4,11517	4,47182	2,02294	4,47182	2,32982	4,47182	-5,00000	4,47182	-5,00000	
4,48466	1,58297	4,48466	1,34316	4,48466	1,30663	4,48466	0,84105	4,48466	4,11101	4,48466	2,01841	4,48466	2,34865	4,48466	-5,00000	4,48466	-5,00000	
4,49750	1,58637	4,49750	1,35080	4,49750	1,30943	4,49750	0,84442	4,49750	4,10600	4,49750	2,01014	4,49750	2,36539	4,49750	-5,00000	4,49750	-5,00000	
4,51033	1,59610	4,51033	1,35677	4,51033	1,32481	4,51033	0,80540	4,51033	4,09891	4,51033	2,00409	4,51033	2,38387	4,51033	-5,00000	4,51033	-5,00000	
4,52317	1,62603	4,52317	1,43538	4,52317	1,47094	4,52317	0,72053	4,52317	4,07589	4,52317	2,06889	4,52317	2,48574	4,52317	-5,00000	4,52317	-5,00000	
4,53602	1,62403	4,53602	1,43013	4,53602	1,49656	4,53602	0,72271	4,53602	4,06955	4,53602	2,08801	4,53602	2,49073	4,53602	-5,00000	4,53602	-5,00000	
4,54884	1,62522	4,54884	1,42445	4,54884	1,51203	4,54884	0,71734	4,54884	4,07021	4,54884	2,10092	4,54884	2,48864	4,54884	-5,00000	4,54884	-5,00000	
4,56169	1,62459	4,56169	1,41991	4,56169	1,52065	4,56169	0,71757	4,56169	4,06752	4,56169	2,10760	4,56169	2,48261	4,56169	-5,00000	4,56169	-5,00000	
4,57452	1,62677	4,57452	1,41559	4,57452	1,52580	4,57452	0,71657	4,57452	4,06241	4,57452	2,11774	4,57452	2,47858	4,57452	-5,00000	4,57452	-5,00000	
4,58736	1,62956	4,58736	1,40959	4,58736	1,52416	4,58736	0,71690	4,58736	4,05613	4,58736	2,13267	4,58736	2,47529	4,58736	-5,00000	4,58736	-5,00000	
4,60020	1,62806	4,60020	1,40555	4,60020	1,52185	4,60020	0,71119	4,60020	4,04991	4,60020	2,14944	4,60020	2,47287	4,60020	-5,00000	4,60020	-5,00000	
4,61304	1,63058	4,61304	1,40183	4,61304	1,52285	4,61304	0,70642	4,61304	4,04489	4,61304	2,18069	4,61304	2,46945	4,61304	-5,00000	4,61304	-5,00000	
4,62587	1,64479	4,62587	1,39612	4,62587	1,51854	4,62587	0,70998	4,62587	4,04299	4,62587	2,20809	4,62587	2,46370	4,62587	-5,00000	4,62587	-5,00000	
4,63871	1,66178	4,63871	1,39057	4,63871	1,51373	4,63871	0,73447	4,63871	4,04024	4,63871	2,22518	4,63871	2,45801	4,63871	-5,00000	4,63871	-5,00000	
4,65155	1,66489	4,65155	1,38494	4,65155	1,51535	4,65155	0,80115	4,65155	4,03559	4,65155	2,24292	4,65155	2,46168	4,65155	-5,00000	4,65155	-5,00000	
4,66438	1,65907	4,66438	1,38030	4,66438	1,51795	4,66438	0,85876	4,66438	4,03343	4,66438	2,28070	4,66438	2,48118	4,66438	-5,00000	4,66438	-5,00000	
4,67722	1,65430	4,67722	1,37557	4,67722	1,52706	4,67722	0,87821	4,67722	4,03321	4,67722	2,30252	4,67722	2,51608	4,67722	-5,00000	4,67722	-5,00000	
4,69005	1,65047	4,69005	1,37547	4,69005	1,52637	4,69005	0,88025	4,69005	4,03371	4,69005	2,31675	4,69005	2,55959	4,69005	-5,00000	4,69005	-5,00000	
4,70290	1,64683	4,70290	1,37814	4,70290	1,52897	4,70290	0,87764	4,70290	4,03298	4,70290	2,33015	4,70290	2,60136	4,70290	-5,00000	4,70290	-5,00000	
4,71573	1,65002	4,71573	1,39080	4,71573	1,53550	4,71573	0,88132	4,71573	4,03198	4,71573	2,34104	4,71573	2,62643	4,71573	-5,00000	4,71573	-5,00000	
4,72857	1,64803	4,72857	1,39319	4,72857	1,53862	4,72857	0,88005	4,72857	4,12365	4,72857	2,34185	4,72857	2,65404	4,72857	-5,00000	4,72857	-5,00000	
4,74140	1,64321	4,74140	1,39866	4,74140	1,54117	4,74140	0,87422	4,74140	4,15388	4,74140	2,33973	4,74140	2,68142	4,74140	-5,00000	4,74140	-5,00000	
4,75424	1,63992	4,75424	1,40693	4,75424	1,53821	4,75424	0,87675	4,75424	4,16149	4,75424	2,33386	4,75424	2,70224	4,75424	-5,00000	4,75424	-5,00000	
4,76708	1,63902	4,76708	1,43017	4,76708	1,53331	4,76708	0,87130	4,76708	4,16287	4,76708	2,32753	4,76708	2,72002	4,76708	-5,00000	4,76708	-5,00000	
4,77992	1,63495	4,77992	1,45463	4,77992	1,53295	4,77992	0,87575	4,77992	4,15954	4,77992	2,32115	4,77992	2,73942	4,77992	-5,00000	4,77992	-5,00000	
4,79276	1,63068	4,79276	1,45101	4,79276	1,53407	4,79276	0,90762	4,79276	4,15892	4,79276	2,31506	4,79276	2,75408	4,79276	-5,00000	4,79276	-5,00000	
