# MesswertTabelle
#
# M e s s w e r t t a b e l l e  der Reihen:
#
# EZJ.L_Close_shuffled_1 (q=-5.0) [97,97] Werte
# EZJ.L_Close_shuffled_1 (q=-4.0) [97,97] Werte
# EZJ.L_Close_shuffled_1 (q=-3.0) [97,97] Werte
# EZJ.L_Close_shuffled_1 (q=-2.0) [97,97] Werte
# EZJ.L_Close_shuffled_1 (q=-1.0) [97,97] Werte
# EZJ.L_Close_shuffled_1 (q=1.0) [97,97] Werte
# EZJ.L_Close_shuffled_1 (q=2.0) [97,97] Werte
# EZJ.L_Close_shuffled_1 (q=3.0) [97,97] Werte
# EZJ.L_Close_shuffled_1 (q=4.0) [97,97] Werte
# EZJ.L_Close_shuffled_1 (q=5.0) [97,97] Werte
#
#
#s	F(s)	s	F(s)	s	F(s)	s	F(s)	s	F(s)	s	F(s)	s	F(s)	s	F(s)	s	F(s)	s	F(s)	
0.60206	-3.59168	0.60206	-3.50171	0.60206	-3.35176	0.60206	-3.05188	0.60206	-2.15615	0.60206	0.70507	0.60206	0.83646	0.60206	0.93150	0.60206	1.00623	0.60206	1.06451	
0.69897	0.12028	0.69897	0.18485	0.69897	0.28282	0.69897	0.43615	0.69897	0.63978	0.69897	0.93838	0.69897	1.03352	0.69897	1.10903	0.69897	1.16746	0.69897	1.21242	
0.77815	0.79401	0.77815	0.81665	0.77815	0.84417	0.77815	0.87820	0.77815	0.92093	0.77815	1.03762	0.77815	1.10433	0.77815	1.16560	0.77815	1.21642	0.77815	1.25667	
0.84510	0.88035	0.84510	0.90124	0.84510	0.92787	0.84510	0.96270	0.84510	1.00904	0.84510	1.13896	0.84510	1.20718	0.84510	1.26404	0.84510	1.30773	0.84510	1.34074	
0.90309	0.94291	0.90309	0.96202	0.90309	0.98553	0.90309	1.01551	0.90309	1.05513	0.90309	1.17405	0.90309	1.24537	0.90309	1.31068	0.90309	1.36445	0.90309	1.40702	
0.95424	0.92493	0.95424	0.95560	0.95424	0.99207	0.95424	1.03519	0.95424	1.08592	0.95424	1.20635	0.95424	1.26535	0.95424	1.31555	0.95424	1.35570	0.95424	1.38729	
1.00000	0.90744	1.00000	0.94436	1.00000	0.99110	1.00000	1.04772	1.00000	1.11101	1.00000	1.23545	1.00000	1.28858	1.00000	1.33375	1.00000	1.37136	1.00000	1.40244	
1.04139	1.12955	1.04139	1.14434	1.04139	1.16208	1.04139	1.18347	1.04139	1.20909	1.04139	1.27150	1.04139	1.30458	1.04139	1.33547	1.04139	1.36251	1.04139	1.38527	
1.07918	1.09712	1.07918	1.11381	1.07918	1.13407	1.07918	1.15887	1.07918	1.18887	1.07918	1.26032	1.07918	1.29557	1.07918	1.32634	1.07918	1.35165	1.07918	1.37191	
1.11394	1.11226	1.11394	1.13034	1.11394	1.15017	1.11394	1.17129	1.11394	1.19296	1.11394	1.23431	1.11394	1.25242	1.11394	1.26830	1.11394	1.28196	1.11394	1.29360	
1.14613	1.17191	1.14613	1.19348	1.14613	1.21931	1.14613	1.24929	1.14613	1.28201	1.14613	1.34477	1.14613	1.37028	1.14613	1.39115	1.14613	1.40805	1.14613	1.42186	
1.17609	1.23022	1.17609	1.24017	1.17609	1.25310	1.17609	1.27029	1.17609	1.29341	1.17609	1.36245	1.17609	1.40552	1.17609	1.44791	1.17609	1.48528	1.17609	1.51616	
1.20412	1.18795	1.20412	1.20830	1.20412	1.23288	1.20412	1.26199	1.20412	1.29502	1.20412	1.36396	1.20412	1.39476	1.20412	1.42144	1.20412	1.44418	1.20412	1.46361	
1.23045	1.20106	1.23045	1.22157	1.23045	1.24603	1.23045	1.27439	1.23045	1.30550	1.23045	1.36604	1.23045	1.39109	1.23045	1.41176	1.23045	1.42857	1.23045	1.44230	
1.25527	1.23464	1.25527	1.24857	1.25527	1.26573	1.25527	1.28714	1.25527	1.31362	1.25527	1.37998	1.25527	1.41492	1.25527	1.44688	1.25527	1.47426	1.25527	1.49695	
1.27875	1.25419	1.27875	1.26958	1.27875	1.28822	1.27875	1.31045	1.27875	1.33595	1.27875	1.39072	1.27875	1.41587	1.27875	1.43773	1.27875	1.45610	1.27875	1.47136	
1.30103	1.31437	1.30103	1.32665	1.30103	1.34244	1.30103	1.36263	1.30103	1.38775	1.30103	1.44872	1.30103	1.47946	1.30103	1.50713	1.30103	1.53086	1.30103	1.55085	
1.32222	1.29439	1.32222	1.31516	1.32222	1.33928	1.32222	1.36680	1.32222	1.39744	1.32222	1.46416	1.32222	1.49666	1.32222	1.52602	1.32222	1.55118	1.32222	1.57205	
1.34242	1.36925	1.34242	1.38128	1.34242	1.39524	1.34242	1.41102	1.34242	1.42817	1.34242	1.46314	1.34242	1.47915	1.34242	1.49340	1.34242	1.50577	1.34242	1.51638	
1.36173	1.27640	1.36173	1.29916	1.36173	1.32470	1.36173	1.35177	1.36173	1.37844	1.36173	1.42400	1.36173	1.44173	1.36173	1.45649	1.36173	1.46887	1.36173	1.47940	
1.38021	1.34670	1.38021	1.36109	1.38021	1.37800	1.38021	1.39787	1.38021	1.42090	1.38021	1.47394	1.38021	1.50072	1.38021	1.52520	1.38021	1.54633	1.38021	1.56395	
1.39794	1.39162	1.39794	1.40643	1.39794	1.42249	1.39794	1.43961	1.39794	1.45752	1.39794	1.49428	1.39794	1.51221	1.39794	1.52922	1.39794	1.54493	1.39794	1.55910	
1.41497	1.35317	1.41497	1.36529	1.41497	1.37772	1.41497	1.38998	1.41497	1.40163	1.41497	1.42201	1.41497	1.43063	1.41497	1.43832	1.41497	1.44522	1.41497	1.45148	
1.43136	1.34041	1.43136	1.36062	1.43136	1.38471	1.43136	1.41207	1.43136	1.44068	1.43136	1.49070	1.43136	1.50901	1.43136	1.52305	1.43136	1.53372	1.43136	1.54194	
1.44716	1.45551	1.44716	1.47146	1.44716	1.48846	1.44716	1.50573	1.44716	1.52235	1.44716	1.55086	1.44716	1.56224	1.44716	1.57183	1.44716	1.57992	1.44716	1.58678	
1.46240	1.40525	1.46240	1.42069	1.46240	1.43758	1.46240	1.45548	1.46240	1.47371	1.46240	1.50824	1.46240	1.52349	1.46240	1.53708	1.46240	1.54904	1.46240	1.55952	
1.47712	1.40967	1.47712	1.42328	1.47712	1.43895	1.47712	1.45642	1.47712	1.47507	1.47712	1.51196	1.47712	1.52838	1.47712	1.54278	1.47712	1.55514	1.47712	1.56562	
1.49136	1.38161	1.49136	1.40130	1.49136	1.42361	1.49136	1.44803	1.49136	1.47364	1.49136	1.52382	1.49136	1.54645	1.49136	1.56669	1.49136	1.58441	1.49136	1.59969	
1.50515	1.46619	1.50515	1.47367	1.50515	1.48262	1.50515	1.49348	1.50515	1.50674	1.50515	1.54188	1.50515	1.56334	1.50515	1.58589	1.50515	1.60786	1.50515	1.62789	
1.51851	1.48442	1.51851	1.49221	1.51851	1.50130	1.51851	1.51216	1.51851	1.52543	1.51851	1.56176	1.51851	1.58496	1.51851	1.60992	1.51851	1.63446	1.51851	1.65674	
1.53148	1.43218	1.53148	1.45586	1.53148	1.48278	1.53148	1.51155	1.53148	1.54036	1.53148	1.59363	1.53148	1.61776	1.53148	1.64023	1.53148	1.66081	1.53148	1.67917	
1.54407	1.52744	1.54407	1.54215	1.54407	1.55838	1.54407	1.57576	1.54407	1.59379	1.54407	1.62954	1.54407	1.64632	1.54407	1.66195	1.54407	1.67625	1.54407	1.68915	
1.55630	1.44332	1.55630	1.46784	1.55630	1.49629	1.55630	1.52702	1.55630	1.55731	1.55630	1.60819	1.55630	1.62797	1.55630	1.64481	1.55630	1.65940	1.55630	1.67222	
1.56820	1.54140	1.56820	1.55578	1.56820	1.57124	1.56820	1.58723	1.56820	1.60313	1.56820	1.63256	1.56820	1.64555	1.56820	1.65733	1.56820	1.66794	1.56820	1.67747	
1.57978	1.53949	1.57978	1.55416	1.57978	1.57043	1.57978	1.58775	1.57978	1.60530	1.57978	1.63768	1.57978	1.65147	1.57978	1.66348	1.57978	1.67387	1.57978	1.68288	
1.59106	1.53889	1.59106	1.54605	1.59106	1.55454	1.59106	1.56451	1.59106	1.57600	1.59106	1.60276	1.59106	1.61708	1.59106	1.63120	1.59106	1.64455	1.59106	1.65677	
1.61278	1.57408	1.61278	1.58938	1.61278	1.60527	1.61278	1.62085	1.61278	1.63523	1.61278	1.65876	1.61278	1.66797	1.61278	1.67585	1.61278	1.68270	1.61278	1.68878	
1.62325	1.54475	1.62325	1.56120	1.62325	1.57880	1.62325	1.59664	1.62325	1.61375	1.62325	1.64336	1.62325	1.65564	1.62325	1.66647	1.62325	1.67612	1.62325	1.68479	
1.63347	1.49829	1.63347	1.52105	1.63347	1.54806	1.63347	1.57766	1.63347	1.60668	1.63347	1.65244	1.63347	1.66822	1.63347	1.68050	1.63347	1.69032	1.63347	1.69848	
1.64345	1.57810	1.64345	1.58750	1.64345	1.59825	1.64345	1.61024	1.64345	1.62318	1.64345	1.64984	1.64345	1.66241	1.64345	1.67390	1.64345	1.68411	1.64345	1.69303	
1.66276	1.56741	1.66276	1.58139	1.66276	1.59646	1.66276	1.61198	1.66276	1.62721	1.66276	1.65450	1.66276	1.66609	1.66276	1.67634	1.66276	1.68544	1.66276	1.69354	
1.67210	1.61451	1.67210	1.62342	1.67210	1.63254	1.67210	1.64162	1.67210	1.65038	1.67210	1.66625	1.67210	1.67319	1.67210	1.67947	1.67210	1.68515	1.67210	1.69030	
1.69020	1.66919	1.69020	1.67148	1.69020	1.67392	1.69020	1.67652	1.69020	1.67925	1.69020	1.68502	1.69020	1.68800	1.69020	1.69100	1.69020	1.69398	1.69020	1.69690	
1.69897	1.67980	1.69897	1.68161	1.69897	1.68346	1.69897	1.68534	1.69897	1.68723	1.69897	1.69100	1.69897	1.69286	1.69897	1.69468	1.69897	1.69646	1.69897	1.69818	
1.71600	1.55722	1.71600	1.57058	1.71600	1.58551	1.71600	1.60152	1.71600	1.61784	1.71600	1.64822	1.71600	1.66125	1.71600	1.67266	1.71600	1.68257	1.71600	1.69117	
1.72428	1.52955	1.72428	1.54942	1.72428	1.57358	1.72428	1.60110	1.72428	1.62953	1.72428	1.67757	1.72428	1.69468	1.72428	1.70779	1.72428	1.71790	1.72428	1.72588	
1.74036	1.60004	1.74036	1.61757	1.74036	1.63770	1.74036	1.65925	1.74036	1.68026	1.74036	1.71392	1.74036	1.72552	1.74036	1.73419	1.74036	1.74063	1.74036	1.74545	
1.74819	1.64152	1.74819	1.65451	1.74819	1.66849	1.74819	1.68268	1.74819	1.69620	1.74819	1.71855	1.74819	1.72692	1.74819	1.73360	1.74819	1.73889	1.74819	1.74307	
1.76343	1.71402	1.76343	1.71702	1.76343	1.72004	1.76343	1.72304	1.76343	1.72600	1.76343	1.73168	1.76343	1.73436	1.76343	1.73692	1.76343	1.73936	1.76343	1.74166	
1.77815	1.65182	1.77815	1.65915	1.77815	1.66676	1.77815	1.67448	1.77815	1.68211	1.77815	1.69640	1.77815	1.70284	1.77815	1.70874	1.77815	1.71411	1.77815	1.71897	
1.78533	1.66857	1.78533	1.67415	1.78533	1.67990	1.78533	1.68569	1.78533	1.69143	1.78533	1.70237	1.78533	1.70743	1.78533	1.71215	1.78533	1.71654	1.78533	1.72058	
1.79934	1.71081	1.79934	1.71450	1.79934	1.71848	1.79934	1.72271	1.79934	1.72715	1.79934	1.73633	1.79934	1.74090	1.79934	1.74534	1.79934	1.74959	1.79934	1.75358	
1.81291	1.74213	1.81291	1.74884	1.81291	1.75640	1.81291	1.76478	1.81291	1.77388	1.81291	1.79332	1.81291	1.80303	1.81291	1.81230	1.81291	1.82091	1.81291	1.82870	
1.82607	1.71961	1.82607	1.72923	1.82607	1.74045	1.82607	1.75327	1.82607	1.76747	1.82607	1.79779	1.82607	1.81240	1.82607	1.82578	1.82607	1.83760	1.82607	1.84780	
1.83885	1.70822	1.83885	1.71874	1.83885	1.73088	1.83885	1.74448	1.83885	1.75912	1.83885	1.78869	1.83885	1.80219	1.83885	1.81423	1.83885	1.82468	1.83885	1.83360	
1.85126	1.69899	1.85126	1.70952	1.85126	1.72150	1.85126	1.73467	1.85126	1.74852	1.85126	1.77550	1.85126	1.78743	1.85126	1.79790	1.85126	1.80690	1.85126	1.81455	
1.86332	1.71856	1.86332	1.72652	1.86332	1.73522	1.86332	1.74446	1.86332	1.75398	1.86332	1.77248	1.86332	1.78090	1.86332	1.78853	1.86332	1.79532	1.86332	1.80129	
1.88081	1.76052	1.88081	1.76333	1.88081	1.76626	1.88081	1.76930	1.88081	1.77240	1.88081	1.77870	1.88081	1.78183	1.88081	1.78490	1.88081	1.78789	1.88081	1.79076	
1.89209	1.74958	1.89209	1.75296	1.89209	1.75648	1.89209	1.76009	1.89209	1.76376	1.89209	1.77107	1.89209	1.77461	1.89209	1.77804	1.89209	1.78131	1.89209	1.78441	
1.90309	1.75073	1.90309	1.75372	1.90309	1.75682	1.90309	1.76002	1.90309	1.76328	1.90309	1.76982	1.90309	1.77304	1.90309	1.77617	1.90309	1.77919	1.90309	1.78208	
1.91908	1.74584	1.91908	1.74868	1.91908	1.75162	1.91908	1.75464	1.91908	1.75772	1.91908	1.76389	1.91908	1.76692	1.91908	1.76988	1.91908	1.77273	1.91908	1.77547	
1.92942	1.78695	1.92942	1.78842	1.92942	1.78992	1.92942	1.79146	1.92942	1.79302	1.92942	1.79616	1.92942	1.79772	1.92942	1.79926	1.92942	1.80076	1.92942	1.80222	
1.94448	1.79230	1.94448	1.79601	1.94448	1.80000	1.94448	1.80423	1.94448	1.80863	1.94448	1.81761	1.94448	1.82200	1.94448	1.82623	1.94448	1.83022	1.94448	1.83393	
1.95424	1.79255	1.95424	1.79657	1.95424	1.80093	1.95424	1.80557	1.95424	1.81042	1.95424	1.82035	1.95424	1.82520	1.95424	1.82984	1.95424	1.83420	1.95424	1.83822	
1.96848	1.78148	1.96848	1.78364	1.96848	1.78589	1.96848	1.78822	1.96848	1.79059	1.96848	1.79540	1.96848	1.79777	1.96848	1.80010	1.96848	1.80235	1.96848	1.80451	
1.98227	1.76798	1.98227	1.76866	1.98227	1.76935	1.98227	1.77005	1.98227	1.77076	1.98227	1.77217	1.98227	1.77288	1.98227	1.77358	1.98227	1.77427	1.98227	1.77496	
1.99564	1.74290	1.99564	1.74306	1.99564	1.74322	1.99564	1.74338	1.99564	1.74354	1.99564	1.74387	1.99564	1.74403	1.99564	1.74419	1.99564	1.74435	1.99564	1.74450	
2.00860	1.72994	2.00860	1.73238	2.00860	1.73494	2.00860	1.73759	2.00860	1.74031	2.00860	1.74582	2.00860	1.74854	2.00860	1.75119	2.00860	1.75375	2.00860	1.75619	
2.02119	1.71195	2.02119	1.71739	2.02119	1.72347	2.02119	1.73013	2.02119	1.73723	2.02119	1.75191	2.02119	1.75901	2.02119	1.76566	2.02119	1.77175	2.02119	1.77719	
2.03342	1.70440	2.03342	1.71175	2.03342	1.72035	2.03342	1.73017	2.03342	1.74099	2.03342	1.76376	2.03342	1.77458	2.03342	1.78440	2.03342	1.79300	2.03342	1.80035	
2.04532	1.74410	2.04532	1.74994	2.04532	1.75653	2.04532	1.76380	2.04532	1.77161	2.04532	1.78780	2.04532	1.79561	2.04532	1.80288	2.04532	1.80947	2.04532	1.81532	
2.05690	1.78937	2.05690	1.79270	2.05690	1.79625	2.05690	1.79999	2.05690	1.80386	2.05690	1.81174	2.05690	1.81561	2.05690	1.81935	2.05690	1.82290	2.05690	1.82623	
2.07188	1.87917	2.07188	1.87923	2.07188	1.87928	2.07188	1.87934	2.07188	1.87939	2.07188	1.87951	2.07188	1.87956	2.07188	1.87962	2.07188	1.87967	2.07188	1.87973	
2.08279	1.88258	2.08279	1.88272	2.08279	1.88286	2.08279	1.88300	2.08279	1.88314	2.08279	1.88342	2.08279	1.88356	2.08279	1.88370	2.08279	1.88384	2.08279	1.88398	
2.09691	1.87679	2.09691	1.87689	2.09691	1.87700	2.09691	1.87710	2.09691	1.87721	2.09691	1.87742	2.09691	1.87752	2.09691	1.87763	2.09691	1.87773	2.09691	1.87783	
2.11059	1.87863	2.11059	1.87863	2.11059	1.87863	2.11059	1.87863	2.11059	1.87863	2.11059	1.87863	2.11059	1.87863	2.11059	1.87863	2.11059	1.87863	2.11059	1.87863	
2.12385	1.89248	2.12385	1.89248	2.12385	1.89248	2.12385	1.89248	2.12385	1.89248	2.12385	1.89248	2.12385	1.89248	2.12385	1.89248	2.12385	1.89248	2.12385	1.89248	
2.13672	1.89332	2.13672	1.89332	2.13672	1.89332	2.13672	1.89332	2.13672	1.89332	2.13672	1.89332	2.13672	1.89332	2.13672	1.89332	2.13672	1.89332	2.13672	1.89332	
2.14922	1.89184	2.14922	1.89184	2.14922	1.89184	2.14922	1.89184	2.14922	1.89184	2.14922	1.89184	2.14922	1.89184	2.14922	1.89184	2.14922	1.89184	2.14922	1.89184	
2.16137	1.88714	2.16137	1.88714	2.16137	1.88714	2.16137	1.88714	2.16137	1.88714	2.16137	1.88714	2.16137	1.88714	2.16137	1.88714	2.16137	1.88714	2.16137	1.88714	
2.17319	1.88199	2.17319	1.88199	2.17319	1.88199	2.17319	1.88199	2.17319	1.88199	2.17319	1.88199	2.17319	1.88199	2.17319	1.88199	2.17319	1.88199	2.17319	1.88199	
2.18752	1.87643	2.18752	1.87643	2.18752	1.87643	2.18752	1.87643	2.18752	1.87643	2.18752	1.87643	2.18752	1.87643	2.18752	1.87643	2.18752	1.87643	2.18752	1.87643	
2.19866	1.88202	2.19866	1.88202	2.19866	1.88202	2.19866	1.88202	2.19866	1.88202	2.19866	1.88202	2.19866	1.88202	2.19866	1.88202	2.19866	1.88202	2.19866	1.88202	
2.21219	1.89448	2.21219	1.89448	2.21219	1.89448	2.21219	1.89448	2.21219	1.89448	2.21219	1.89448	2.21219	1.89448	2.21219	1.89448	2.21219	1.89448	2.21219	1.89448	
2.22531	1.89481	2.22531	1.89481	2.22531	1.89481	2.22531	1.89481	2.22531	1.89481	2.22531	1.89481	2.22531	1.89481	2.22531	1.89481	2.22531	1.89481	2.22531	1.89481	
2.23805	1.88972	2.23805	1.88972	2.23805	1.88972	2.23805	1.88972	2.23805	1.88972	2.23805	1.88972	2.23805	1.88972	2.23805	1.88972	2.23805	1.88972	2.23805	1.88972	
2.25042	1.88406	2.25042	1.88406	2.25042	1.88406	2.25042	1.88406	2.25042	1.88406	2.25042	1.88406	2.25042	1.88406	2.25042	1.88406	2.25042	1.88406	2.25042	1.88406	
2.26482	1.87730	2.26482	1.87730	2.26482	1.87730	2.26482	1.87730	2.26482	1.87730	2.26482	1.87730	2.26482	1.87730	2.26482	1.87730	2.26482	1.87730	2.26482	1.87730	
2.27646	1.87222	2.27646	1.87222	2.27646	1.87222	2.27646	1.87222	2.27646	1.87222	2.27646	1.87222	2.27646	1.87222	2.27646	1.87222	2.27646	1.87222	2.27646	1.87222	
2.29003	1.86846	2.29003	1.86846	2.29003	1.86846	2.29003	1.86846	2.29003	1.86846	2.29003	1.86846	2.29003	1.86846	2.29003	1.86846	2.29003	1.86846	2.29003	1.86846	
2.30320	1.86804	2.30320	1.86804	2.30320	1.86804	2.30320	1.86804	2.30320	1.86804	2.30320	1.86804	2.30320	1.86804	2.30320	1.86804	2.30320	1.86804	2.30320	1.86804	
2.31597	1.86687	2.31597	1.86687	2.31597	1.86687	2.31597	1.86687	2.31597	1.86687	2.31597	1.86687	2.31597	1.86687	2.31597	1.86687	2.31597	1.86687	2.31597	1.86687	
2.32838	1.86527	2.32838	1.86527	2.32838	1.86527	2.32838	1.86527	2.32838	1.86527	2.32838	1.86527	2.32838	1.86527	2.32838	1.86527	2.32838	1.86527	2.32838	1.86527	
2.34044	1.86562	2.34044	1.86562	2.34044	1.86562	2.34044	1.86562	2.34044	1.86562	2.34044	1.86562	2.34044	1.86562	2.34044	1.86562	2.34044	1.86562	2.34044	1.86562	
2.35411	1.86056	2.35411	1.86056	2.35411	1.86056	2.35411	1.86056	2.35411	1.86056	2.35411	1.86056	2.35411	1.86056	2.35411	1.86056	2.35411	1.86056	2.35411	1.86056	
2.36736	1.88090	2.36736	1.88090	2.36736	1.88090	2.36736	1.88090	2.36736	1.88090	2.36736	1.88090	2.36736	1.88090	2.36736	1.88090	2.36736	1.88090	2.36736	1.88090	
2.38021	1.91297	2.38021	1.91297	2.38021	1.91297	2.38021	1.91297	2.38021	1.91297	2.38021	1.91297	2.38021	1.91297	2.38021	1.91297	2.38021	1.91297	2.38021	1.91297	
