# MesswertTabelle
#
# M e s s w e r t t a b e l l e  der Reihen:
#
# q=-5.0 [20,20] Werte
# q=-4.0 [20,20] Werte
# q=-3.0 [20,20] Werte
# q=-2.0 [20,20] Werte
# q=-1.0 [20,20] Werte
# q=1.0 [20,20] Werte
# q=2.0 [20,20] Werte
# q=3.0 [20,20] Werte
# q=4.0 [20,20] Werte
# q=5.0 [20,20] Werte
#
#
#x	y	x	y	x	y	x	y	x	y	x	y	x	y	x	y	x	y	x	y	
1.37500	0.66688	1.37500	0.65989	1.37500	0.65727	1.37500	0.66162	1.37500	0.67478	1.37500	0.69324	1.37500	0.66118	1.37500	0.61016	1.37500	0.56135	1.37500	0.52149	
1.47500	0.65654	1.47500	0.65679	1.47500	0.66133	1.47500	0.67213	1.47500	0.68933	1.47500	0.69419	1.47500	0.64867	1.47500	0.58974	1.47500	0.53829	1.47500	0.49850	
1.57500	0.67047	1.57500	0.67338	1.57500	0.68061	1.57500	0.69320	1.57500	0.70867	1.57500	0.68811	1.57500	0.63047	1.57500	0.56807	1.57500	0.51797	1.57500	0.48105	
1.67500	0.70656	1.67500	0.70513	1.67500	0.70729	1.67500	0.71377	1.67500	0.72104	1.67500	0.67786	1.67500	0.61448	1.67500	0.55093	1.67500	0.50052	1.67500	0.46282	
1.77500	0.75980	1.77500	0.75663	1.77500	0.75650	1.77500	0.75904	1.77500	0.75859	1.77500	0.69109	1.77500	0.62398	1.77500	0.56331	1.77500	0.51766	1.77500	0.48445	
1.87500	0.77502	1.87500	0.77199	1.87500	0.77223	1.87500	0.77440	1.87500	0.77080	1.87500	0.69238	1.87500	0.62759	1.87500	0.57316	1.87500	0.53386	1.87500	0.50600	
1.97500	0.81412	1.97500	0.80823	1.97500	0.80372	1.97500	0.79838	1.97500	0.78453	1.97500	0.69501	1.97500	0.63671	1.97500	0.59085	1.97500	0.55859	1.97500	0.53585	
2.07500	0.83188	2.07500	0.82263	2.07500	0.81292	2.07500	0.79975	2.07500	0.77604	2.07500	0.67792	2.07500	0.62284	2.07500	0.57933	2.07500	0.54760	2.07500	0.52438	
2.17500	0.80607	2.17500	0.80147	2.17500	0.79578	2.17500	0.78403	2.17500	0.75766	2.17500	0.65175	2.17500	0.59651	2.17500	0.55379	2.17500	0.52288	2.17500	0.50042	
2.27500	0.82683	2.27500	0.82075	2.27500	0.81095	2.27500	0.79209	2.27500	0.75746	2.27500	0.64646	2.27500	0.59491	2.27500	0.55668	2.27500	0.52994	2.27500	0.51110	
2.37500	0.87141	2.37500	0.86010	2.37500	0.84337	2.37500	0.81694	2.37500	0.77693	2.37500	0.67247	2.37500	0.62963	2.37500	0.59973	2.37500	0.57995	2.37500	0.56671	
2.47500	0.94517	2.47500	0.92831	2.47500	0.90436	2.47500	0.87072	2.47500	0.82725	2.47500	0.73953	2.47500	0.71198	2.47500	0.69585	2.47500	0.68662	2.47500	0.68079	
2.57500	0.93505	2.57500	0.92177	2.57500	0.90521	2.57500	0.88528	2.57500	0.86307	2.57500	0.82534	2.57500	0.81670	2.57500	0.81410	2.57500	0.81434	2.57500	0.81518	
2.67500	1.00656	2.67500	0.98985	2.67500	0.97014	2.67500	0.94874	2.67500	0.92869	2.67500	0.90761	2.67500	0.90832	2.67500	0.91233	2.67500	0.91628	2.67500	0.91868	
2.77500	0.94481	2.77500	0.92567	2.77500	0.90590	2.77500	0.88951	2.77500	0.88219	2.77500	0.90099	2.77500	0.91596	2.77500	0.92699	2.77500	0.93295	2.77500	0.93479	
2.87500	0.81532	2.87500	0.79726	2.87500	0.78081	2.87500	0.77128	2.87500	0.77485	2.87500	0.81531	2.87500	0.83284	2.87500	0.84108	2.87500	0.84181	2.87500	0.83807	
2.97500	0.81127	2.97500	0.79439	2.97500	0.77602	2.97500	0.75753	2.97500	0.74097	2.97500	0.71258	2.97500	0.69451	2.97500	0.67332	2.97500	0.65160	2.97500	0.63140	
3.07500	0.82501	3.07500	0.79783	3.07500	0.76439	3.07500	0.72418	3.07500	0.67823	3.07500	0.57974	3.07500	0.53202	3.07500	0.48854	3.07500	0.45113	3.07500	0.42011	
3.17500	0.80536	3.17500	0.77604	3.17500	0.73787	3.17500	0.68875	3.17500	0.62843	3.17500	0.49154	3.17500	0.42750	3.17500	0.37234	3.17500	0.32736	3.17500	0.29174	
3.27500	0.84385	3.27500	0.80972	3.27500	0.76421	3.27500	0.70413	3.27500	0.62875	3.27500	0.45836	3.27500	0.38324	3.27500	0.32195	3.27500	0.27401	3.27500	0.23706	
