# MesswertTabelle
#
# M e s s w e r t t a b e l l e  der Reihen:
#
# _raw_0 (q=-5.0) [190,190] Werte
# _raw_0 (q=-4.0) [190,190] Werte
# _raw_0 (q=-3.0) [190,190] Werte
# _raw_0 (q=-2.0) [190,190] Werte
# _raw_0 (q=-1.0) [190,190] Werte
# _raw_0 (q=1.0) [190,190] Werte
# _raw_0 (q=2.0) [190,190] Werte
# _raw_0 (q=3.0) [190,190] Werte
# _raw_0 (q=4.0) [190,190] Werte
# _raw_0 (q=5.0) [190,190] Werte
#
#
#s	F(s)	s	F(s)	s	F(s)	s	F(s)	s	F(s)	s	F(s)	s	F(s)	s	F(s)	s	F(s)	s	F(s)	
0.60206	-14.40278	0.60206	-14.26092	0.60206	-14.02946	0.60206	-13.58502	0.60206	-12.46226	0.60206	-0.07922	0.60206	0.10489	0.60206	0.26771	0.60206	0.39077	0.60206	0.47869	
0.69897	-13.50572	0.69897	-13.36135	0.69897	-13.12082	0.69897	-12.64140	0.69897	-11.24148	0.69897	0.08630	0.69897	0.20851	0.69897	0.33409	0.69897	0.44251	0.69897	0.52675	
0.77815	-0.31607	0.77815	-0.24789	0.77815	-0.16759	0.77815	-0.08239	0.77815	0.00062	0.77815	0.17675	0.77815	0.28371	0.77815	0.38879	0.77815	0.47501	0.77815	0.54038	
0.84510	-0.18353	0.84510	-0.12203	0.84510	-0.05427	0.84510	0.01479	0.84510	0.08285	0.84510	0.23708	0.84510	0.33471	0.84510	0.43333	0.84510	0.51680	0.84510	0.58173	
0.90309	-0.09122	0.90309	-0.04113	0.90309	0.01365	0.90309	0.07168	0.90309	0.13374	0.90309	0.29012	0.90309	0.38905	0.90309	0.48468	0.90309	0.56334	0.90309	0.62402	
0.95424	0.00372	0.95424	0.03923	0.95424	0.07856	0.95424	0.12251	0.95424	0.17292	0.95424	0.30820	0.95424	0.39698	0.95424	0.48768	0.95424	0.56705	0.95424	0.63122	
1.00000	0.01267	1.00000	0.05800	1.00000	0.10559	1.00000	0.15584	1.00000	0.21153	1.00000	0.36416	1.00000	0.46408	1.00000	0.55912	1.00000	0.63574	1.00000	0.69397	
1.04139	0.07165	1.04139	0.10933	1.04139	0.14987	1.04139	0.19347	1.04139	0.24262	1.04139	0.37823	1.04139	0.46551	1.04139	0.54973	1.04139	0.62048	1.04139	0.67699	
1.07918	0.13533	1.07918	0.16296	1.07918	0.19417	1.07918	0.23103	1.07918	0.27704	1.07918	0.41622	1.07918	0.50702	1.07918	0.59352	1.07918	0.66543	1.07918	0.72246	
1.11394	0.15009	1.11394	0.17689	1.11394	0.20825	1.11394	0.24551	1.11394	0.29169	1.11394	0.43827	1.11394	0.54254	1.11394	0.64239	1.11394	0.72163	1.11394	0.78072	
1.14613	0.16699	1.14613	0.19557	1.14613	0.22845	1.14613	0.26716	1.14613	0.31489	1.14613	0.45910	1.14613	0.55442	1.14613	0.64570	1.14613	0.72211	1.14613	0.78357	
1.17609	0.17850	1.17609	0.21203	1.17609	0.24775	1.17609	0.28727	1.17609	0.33388	1.17609	0.46886	1.17609	0.55805	1.17609	0.64474	1.17609	0.71687	1.17609	0.77303	
1.20412	0.19140	1.20412	0.22314	1.20412	0.25926	1.20412	0.30123	1.20412	0.35252	1.20412	0.50564	1.20412	0.60145	1.20412	0.68732	1.20412	0.75499	1.20412	0.80692	
1.23045	0.21793	1.23045	0.24378	1.23045	0.27462	1.23045	0.31240	1.23045	0.36087	1.23045	0.51388	1.23045	0.61332	1.23045	0.70305	1.23045	0.77304	1.23045	0.82568	
1.25527	0.25308	1.25527	0.27805	1.25527	0.30732	1.25527	0.34316	1.25527	0.38976	1.25527	0.54099	1.25527	0.64120	1.25527	0.73312	1.25527	0.80608	1.25527	0.86168	
1.27875	0.24856	1.27875	0.27571	1.27875	0.30761	1.27875	0.34607	1.27875	0.39476	1.27875	0.54683	1.27875	0.64524	1.27875	0.73352	1.27875	0.80173	1.27875	0.85240	
1.30103	0.27226	1.30103	0.29641	1.30103	0.32569	1.30103	0.36229	1.30103	0.41006	1.30103	0.55661	1.30103	0.64420	1.30103	0.71971	1.30103	0.77734	1.30103	0.82017	
1.32222	0.25390	1.32222	0.28938	1.32222	0.32789	1.32222	0.37089	1.32222	0.42241	1.32222	0.57669	1.32222	0.67384	1.32222	0.76030	1.32222	0.82733	1.32222	0.87764	
1.34242	0.28655	1.34242	0.31844	1.34242	0.35405	1.34242	0.39483	1.34242	0.44407	1.34242	0.58483	1.34242	0.67038	1.34242	0.74913	1.34242	0.81436	1.34242	0.86708	
1.36173	0.32890	1.36173	0.34900	1.36173	0.37363	1.36173	0.40540	1.36173	0.44896	1.36173	0.59358	1.36173	0.68286	1.36173	0.75918	1.36173	0.81672	1.36173	0.85920	
1.38021	0.30719	1.38021	0.33677	1.38021	0.37166	1.38021	0.41382	1.38021	0.46715	1.38021	0.63008	1.38021	0.73122	1.38021	0.82014	1.38021	0.88856	1.38021	0.93961	
1.39794	0.32211	1.39794	0.34934	1.39794	0.38201	1.39794	0.42220	1.39794	0.47365	1.39794	0.62645	1.39794	0.71705	1.39794	0.79727	1.39794	0.86140	1.39794	0.91166	
1.41497	0.32809	1.41497	0.35258	1.41497	0.38262	1.41497	0.42053	1.41497	0.47022	1.41497	0.62044	1.41497	0.70805	1.41497	0.78312	1.41497	0.84088	1.41497	0.88456	
1.43136	0.33528	1.43136	0.36261	1.43136	0.39495	1.43136	0.43454	1.43136	0.48520	1.43136	0.63077	1.43136	0.71224	1.43136	0.78296	1.43136	0.83996	1.43136	0.88590	
1.44716	0.35890	1.44716	0.38610	1.44716	0.41867	1.44716	0.45898	1.44716	0.51142	1.44716	0.67389	1.44716	0.77252	1.44716	0.85862	1.44716	0.92552	1.44716	0.97622	
1.46240	0.35740	1.46240	0.38693	1.46240	0.42122	1.46240	0.46227	1.46240	0.51408	1.46240	0.67125	1.46240	0.76574	1.46240	0.84725	1.46240	0.90988	1.46240	0.95716	
1.47712	0.37792	1.47712	0.40462	1.47712	0.43648	1.47712	0.47568	1.47712	0.52620	1.47712	0.68326	1.47712	0.78179	1.47712	0.86964	1.47712	0.93846	1.47712	0.99068	
1.49136	0.37749	1.49136	0.40635	1.49136	0.44061	1.49136	0.48286	1.49136	0.53781	1.49136	0.70207	1.49136	0.79377	1.49136	0.86990	1.49136	0.92782	1.49136	0.97180	
1.50515	0.38162	1.50515	0.41220	1.50515	0.44912	1.50515	0.49508	1.50515	0.55416	1.50515	0.71861	1.50515	0.80561	1.50515	0.87845	1.50515	0.93532	1.50515	0.97952	
1.51851	0.41858	1.51851	0.44275	1.51851	0.47221	1.51851	0.50952	1.51851	0.55890	1.51851	0.70972	1.51851	0.79878	1.51851	0.87731	1.51851	0.94042	1.51851	0.99032	
1.53148	0.40952	1.53148	0.43739	1.53148	0.47000	1.53148	0.50958	1.53148	0.55997	1.53148	0.70481	1.53148	0.78545	1.53148	0.85403	1.53148	0.90707	1.53148	0.94727	
1.54407	0.42907	1.54407	0.45506	1.54407	0.48603	1.54407	0.52483	1.54407	0.57669	1.54407	0.74045	1.54407	0.83554	1.54407	0.91448	1.54407	0.97348	1.54407	1.01703	
1.55630	0.40949	1.55630	0.44098	1.55630	0.47905	1.55630	0.52630	1.55630	0.58692	1.55630	0.75346	1.55630	0.83727	1.55630	0.90433	1.55630	0.95488	1.55630	0.99335	
1.56820	0.43833	1.56820	0.46324	1.56820	0.49346	1.56820	0.53235	1.56820	0.58533	1.56820	0.74666	1.56820	0.83236	1.56820	0.90026	1.56820	0.94994	1.56820	0.98638	
1.57978	0.42913	1.57978	0.45928	1.57978	0.49448	1.57978	0.53752	1.57978	0.59384	1.57978	0.76256	1.57978	0.85212	1.57978	0.92290	1.57978	0.97477	1.57978	1.01310	
1.59106	0.44643	1.59106	0.48001	1.59106	0.51762	1.59106	0.56100	1.59106	0.61474	1.59106	0.77596	1.59106	0.87007	1.59106	0.94981	1.59106	1.01092	1.59106	1.05732	
1.61278	0.46261	1.61278	0.48406	1.61278	0.51167	1.61278	0.54903	1.61278	0.60233	1.61278	0.77245	1.61278	0.86163	1.61278	0.92999	1.61278	0.97879	1.61278	1.01419	
1.62325	0.45879	1.62325	0.48659	1.62325	0.52026	1.62325	0.56329	1.62325	0.62139	1.62325	0.79123	1.62325	0.87559	1.62325	0.93999	1.62325	0.98611	1.62325	1.01955	
1.63347	0.48205	1.63347	0.51020	1.63347	0.54452	1.63347	0.58747	1.63347	0.64271	1.63347	0.79536	1.63347	0.87445	1.63347	0.93873	1.63347	0.98687	1.63347	1.02260	
1.64345	0.49638	1.64345	0.52247	1.64345	0.55375	1.64345	0.59306	1.64345	0.64508	1.64345	0.79612	1.64345	0.87492	1.64345	0.93837	1.64345	0.98606	1.64345	1.02215	
1.66276	0.49084	1.66276	0.51770	1.66276	0.55072	1.66276	0.59285	1.66276	0.64903	1.66276	0.81565	1.66276	0.90442	1.66276	0.97608	1.66276	1.02966	1.66276	1.06967	
1.67210	0.49980	1.67210	0.52684	1.67210	0.56052	1.67210	0.60366	1.67210	0.66064	1.67210	0.82027	1.67210	0.89982	1.67210	0.96248	1.67210	1.00889	1.67210	1.04354	
1.69020	0.52237	1.69020	0.55158	1.69020	0.58693	1.69020	0.63096	1.69020	0.68732	1.69020	0.83474	1.69020	0.90451	1.69020	0.95910	1.69020	0.99966	1.69020	1.03009	
1.69897	0.51920	1.69897	0.55459	1.69897	0.59581	1.69897	0.64498	1.69897	0.70535	1.69897	0.85540	1.69897	0.92455	1.69897	0.97875	1.69897	1.01943	1.69897	1.05031	
1.71600	0.54622	1.71600	0.57306	1.71600	0.60660	1.71600	0.64967	1.71600	0.70619	1.71600	0.85906	1.71600	0.93321	1.71600	0.99138	1.71600	1.03428	1.71600	1.06602	
1.72428	0.56466	1.72428	0.59068	1.72428	0.62301	1.72428	0.66426	1.72428	0.71747	1.72428	0.85344	1.72428	0.91672	1.72428	0.96646	1.72428	1.00355	1.72428	1.03126	
1.74036	0.56840	1.74036	0.59443	1.74036	0.62524	1.74036	0.66334	1.74036	0.71309	1.74036	0.85671	1.74036	0.93278	1.74036	0.99485	1.74036	1.04162	1.74036	1.07667	
1.74819	0.54158	1.74819	0.57170	1.74819	0.60938	1.74819	0.65730	1.74819	0.71854	1.74819	0.87363	1.74819	0.94554	1.74819	1.00195	1.74819	1.04405	1.74819	1.07563	
1.76343	0.57807	1.76343	0.60591	1.76343	0.64039	1.76343	0.68438	1.76343	0.74088	1.76343	0.88227	1.76343	0.94746	1.76343	0.99971	1.76343	1.04000	1.76343	1.07122	
1.77815	0.55172	1.77815	0.58224	1.77815	0.61998	1.77815	0.66774	1.77815	0.72907	1.77815	0.88698	1.77815	0.96135	1.77815	1.02054	1.77815	1.06558	1.77815	1.09998	
1.78533	0.58072	1.78533	0.61111	1.78533	0.64861	1.78533	0.69500	1.78533	0.75196	1.78533	0.89106	1.78533	0.95940	1.78533	1.01896	1.78533	1.06913	1.78533	1.11112	
1.79934	0.59468	1.79934	0.62124	1.79934	0.65452	1.79934	0.69753	1.79934	0.75428	1.79934	0.90665	1.79934	0.97949	1.79934	1.03635	1.79934	1.07817	1.79934	1.10899	
1.81291	0.60606	1.81291	0.63307	1.81291	0.66654	1.81291	0.70966	1.81291	0.76650	1.81291	0.91650	1.81291	0.98659	1.81291	1.04134	1.81291	1.08224	1.81291	1.11307	
1.82607	0.61448	1.82607	0.64096	1.82607	0.67531	1.82607	0.72104	1.82607	0.78166	1.82607	0.93448	1.82607	1.00271	1.82607	1.05576	1.82607	1.09561	1.82607	1.12584	
1.83885	0.61796	1.83885	0.64958	1.83885	0.68698	1.83885	0.73255	1.83885	0.78973	1.83885	0.93657	1.83885	1.00691	1.83885	1.06393	1.83885	1.10852	1.83885	1.14400	
1.85126	0.61831	1.85126	0.65402	1.85126	0.69610	1.85126	0.74640	1.85126	0.80712	1.85126	0.95080	1.85126	1.01637	1.85126	1.06984	1.85126	1.11234	1.85126	1.14660	
1.86332	0.62039	1.86332	0.65103	1.86332	0.68873	1.86332	0.73622	1.86332	0.79629	1.86332	0.94375	1.86332	1.01183	1.86332	1.06749	1.86332	1.11180	1.86332	1.14743	
1.88081	0.62959	1.88081	0.65870	1.88081	0.69546	1.88081	0.74200	1.88081	0.79943	1.88081	0.92978	1.88081	0.98601	1.88081	1.03052	1.88081	1.06469	1.88081	1.09099	
1.89209	0.67518	1.89209	0.70305	1.89209	0.73832	1.89209	0.78407	1.89209	0.84275	1.89209	0.97838	1.89209	1.03323	1.89209	1.07389	1.89209	1.10347	1.89209	1.12547	
1.90309	0.65427	1.90309	0.68718	1.90309	0.72651	1.90309	0.77461	1.90309	0.83459	1.90309	0.98050	1.90309	1.04466	1.90309	1.09410	1.90309	1.13123	1.90309	1.15974	
1.91908	0.69273	1.91908	0.72347	1.91908	0.76198	1.91908	0.80961	1.91908	0.86560	1.91908	0.98131	1.91908	1.02912	1.91908	1.06791	1.91908	1.09908	1.91908	1.12436	
1.92942	0.72680	1.92942	0.75299	1.92942	0.78611	1.92942	0.82808	1.92942	0.87986	1.92942	0.99965	1.92942	1.05478	1.92942	1.10164	1.92942	1.14051	1.92942	1.17274	
1.94448	0.67942	1.94448	0.70589	1.94448	0.73969	1.94448	0.78442	1.94448	0.84462	1.94448	1.00292	1.94448	1.07401	1.94448	1.12805	1.94448	1.16783	1.94448	1.19771	
1.95424	0.76028	1.95424	0.77961	1.95424	0.80486	1.95424	0.83859	1.95424	0.88303	1.95424	0.99343	1.95424	1.04326	1.95424	1.08263	1.95424	1.11259	1.95424	1.13556	
1.96848	0.74087	1.96848	0.76844	1.96848	0.80250	1.96848	0.84548	1.96848	0.89939	1.96848	1.02555	1.96848	1.07982	1.96848	1.12208	1.96848	1.15423	1.96848	1.17913	
1.98227	0.76007	1.98227	0.78385	1.98227	0.81495	1.98227	0.85650	1.98227	0.91052	1.98227	1.03460	1.98227	1.08478	1.98227	1.12250	1.98227	1.15052	1.98227	1.17180	
1.99564	0.72146	1.99564	0.74542	1.99564	0.77598	1.99564	0.81629	1.99564	0.86961	1.99564	1.00373	1.99564	1.06335	1.99564	1.10955	1.99564	1.14421	1.99564	1.17055	
2.00860	0.77843	2.00860	0.80043	2.00860	0.82902	2.00860	0.86713	2.00860	0.91781	2.00860	1.04793	2.00860	1.10764	2.00860	1.15438	2.00860	1.18931	2.00860	1.21556	
2.02119	0.74093	2.02119	0.77261	2.02119	0.81193	2.02119	0.86142	2.02119	0.92297	2.02119	1.06275	2.02119	1.12015	2.02119	1.16347	2.02119	1.19556	2.02119	1.21986	
2.03342	0.75277	2.03342	0.77591	2.03342	0.80476	2.03342	0.84275	2.03342	0.89383	2.03342	1.02575	2.03342	1.08360	2.03342	1.12672	2.03342	1.15757	2.03342	1.17995	
2.04532	0.81315	2.04532	0.83953	2.04532	0.87182	2.04532	0.91177	2.04532	0.96013	2.04532	1.06751	2.04532	1.11362	2.04532	1.15045	2.04532	1.17909	2.04532	1.20148	
2.05690	0.85918	2.05690	0.88230	2.05690	0.91207	2.05690	0.95068	2.05690	0.99939	2.05690	1.11190	2.05690	1.16051	2.05690	1.19872	2.05690	1.22775	2.05690	1.24987	
2.07188	0.84540	2.07188	0.87015	2.07188	0.90074	2.07188	0.93966	2.07188	0.98943	2.07188	1.11409	2.07188	1.17238	2.07188	1.21911	2.07188	1.25453	2.07188	1.28117	
2.08279	0.86581	2.08279	0.89338	2.08279	0.92699	2.08279	0.96807	2.08279	1.01680	2.08279	1.12244	2.08279	1.16823	2.08279	1.20590	2.08279	1.23624	2.08279	1.26079	
2.09691	0.83048	2.09691	0.85503	2.09691	0.88746	2.09691	0.92992	2.09691	0.98270	2.09691	1.09954	2.09691	1.15121	2.09691	1.19558	2.09691	1.23329	2.09691	1.26504	
2.11059	0.84202	2.11059	0.87317	2.11059	0.91315	2.11059	0.96255	2.11059	1.01882	2.11059	1.12800	2.11059	1.17199	2.11059	1.20808	2.11059	1.23755	2.11059	1.26178	
2.12385	0.87570	2.12385	0.90152	2.12385	0.93590	2.12385	0.98192	2.12385	1.04085	2.12385	1.17165	2.12385	1.22419	2.12385	1.26446	2.12385	1.29501	2.12385	1.31853	
2.13672	0.87190	2.13672	0.89758	2.13672	0.92978	2.13672	0.97053	2.13672	1.02105	2.13672	1.13788	2.13672	1.19030	2.13672	1.23348	2.13672	1.26808	2.13672	1.29586	
2.14922	0.87779	2.14922	0.90029	2.14922	0.93002	2.14922	0.96972	2.14922	1.02138	2.14922	1.14493	2.14922	1.19896	2.14922	1.24150	2.14922	1.27393	2.14922	1.29876	
2.16137	0.88640	2.16137	0.91271	2.16137	0.94775	2.16137	0.99391	2.16137	1.05104	2.16137	1.17088	2.16137	1.21899	2.16137	1.25760	2.16137	1.28873	2.16137	1.31414	
2.17319	0.88314	2.17319	0.90861	2.17319	0.94127	2.17319	0.98324	2.17319	1.03510	2.17319	1.14958	2.17319	1.19793	2.17319	1.23661	2.17319	1.26701	2.17319	1.29111	
2.18752	0.93363	2.18752	0.95856	2.18752	0.99040	2.18752	1.03101	2.18752	1.08139	2.18752	1.19820	2.18752	1.25040	2.18752	1.29243	2.18752	1.32487	2.18752	1.34975	
2.19866	0.90353	2.19866	0.93282	2.19866	0.97112	2.19866	1.02023	2.19866	1.07877	2.19866	1.19401	2.19866	1.23747	2.19866	1.27097	2.19866	1.29691	2.19866	1.31740	
2.21219	0.90587	2.21219	0.93705	2.21219	0.97700	2.21219	1.02718	2.21219	1.08677	2.21219	1.21189	2.21219	1.26422	2.21219	1.30622	2.21219	1.33898	2.21219	1.36444	
2.22531	0.92181	2.22531	0.95357	2.22531	0.99378	2.22531	1.04303	2.22531	1.09867	2.22531	1.20324	2.22531	1.24287	2.22531	1.27384	2.22531	1.29797	2.22531	1.31701	
2.23805	0.96132	2.23805	0.98590	2.23805	1.01754	2.23805	1.05780	2.23805	1.10611	2.23805	1.20506	2.23805	1.24402	2.23805	1.27443	2.23805	1.29815	2.23805	1.31705	
2.25042	0.94020	2.25042	0.96786	2.25042	1.00334	2.25042	1.04827	2.25042	1.10210	2.25042	1.21473	2.25042	1.26078	2.25042	1.29733	2.25042	1.32579	2.25042	1.34800	
2.26482	0.99174	2.26482	1.01805	2.26482	1.05130	2.26482	1.09355	2.26482	1.14526	2.26482	1.25600	2.26482	1.30014	2.26482	1.33373	2.26482	1.35888	2.26482	1.37798	
2.27646	0.96314	2.27646	0.98777	2.27646	1.01889	2.27646	1.05835	2.27646	1.10696	2.27646	1.21683	2.27646	1.26455	2.27646	1.30267	2.27646	1.33208	2.27646	1.35472	
2.29003	1.05973	2.29003	1.07661	2.29003	1.09864	2.29003	1.12809	2.29003	1.16730	2.29003	1.26952	2.29003	1.31828	2.29003	1.35732	2.29003	1.38667	2.29003	1.40851	
2.30320	1.01778	2.30320	1.04498	2.30320	1.07958	2.30320	1.12179	2.30320	1.16861	2.30320	1.25237	2.30320	1.28292	2.30320	1.30688	2.30320	1.32606	2.30320	1.34183	
2.31597	1.05132	2.31597	1.06924	2.31597	1.09314	2.31597	1.12507	2.31597	1.16607	2.31597	1.26047	2.31597	1.30038	2.31597	1.33119	2.31597	1.35421	2.31597	1.37150	
2.32838	1.02009	2.32838	1.04247	2.32838	1.07157	2.32838	1.10858	2.32838	1.15270	2.32838	1.24392	2.32838	1.28135	2.32838	1.31156	2.32838	1.33574	2.32838	1.35528	
2.34044	1.07015	2.34044	1.09428	2.34044	1.12379	2.34044	1.15908	2.34044	1.19938	2.34044	1.28480	2.34044	1.32359	2.34044	1.35705	2.34044	1.38483	2.34044	1.40749	
2.35411	1.03584	2.35411	1.05943	2.35411	1.09139	2.35411	1.13424	2.35411	1.18779	2.35411	1.29731	2.35411	1.33781	2.35411	1.36782	2.35411	1.39016	2.35411	1.40723	
2.36736	1.07601	2.36736	1.10168	2.36736	1.13415	2.36736	1.17363	2.36736	1.21796	2.36736	1.30328	2.36736	1.33799	2.36736	1.36685	2.36736	1.39069	2.36736	1.41038	
2.38021	1.06549	2.38021	1.08724	2.38021	1.11558	2.38021	1.15192	2.38021	1.19583	2.38021	1.28839	2.38021	1.32638	2.38021	1.35661	2.38021	1.38037	2.38021	1.39927	
2.39270	1.06806	2.39270	1.08761	2.39270	1.11304	2.39270	1.14612	2.39270	1.18771	2.39270	1.28461	2.39270	1.32826	2.39270	1.36410	2.39270	1.39261	2.39270	1.41536	
2.40483	1.11439	2.40483	1.13554	2.40483	1.16079	2.40483	1.18969	2.40483	1.22063	2.40483	1.27865	2.40483	1.30215	2.40483	1.32152	2.40483	1.33732	2.40483	1.35023	
2.41830	1.08824	2.41830	1.10742	2.41830	1.13326	2.41830	1.16771	2.41830	1.21086	2.41830	1.30233	2.41830	1.33774	2.41830	1.36422	2.41830	1.38382	2.41830	1.39869	
2.43136	1.14667	2.43136	1.16978	2.43136	1.19792	2.43136	1.23096	2.43136	1.26716	2.43136	1.33501	2.43136	1.36118	2.43136	1.38162	2.43136	1.39735	2.43136	1.40950	
2.44404	1.13411	2.44404	1.15870	2.44404	1.18838	2.44404	1.22218	2.44404	1.25756	2.44404	1.32215	2.44404	1.34936	2.44404	1.37374	2.44404	1.39583	2.44404	1.41585	
2.45637	1.10612	2.45637	1.13549	2.45637	1.17290	2.45637	1.21819	2.45637	1.26812	2.45637	1.36006	2.45637	1.39574	2.45637	1.42460	2.45637	1.44782	2.45637	1.46658	
2.46982	1.14610	2.46982	1.17306	2.46982	1.20470	2.46982	1.23977	2.46982	1.27558	2.46982	1.33842	2.46982	1.36312	2.46982	1.38367	2.46982	1.40078	2.46982	1.41507	
2.48144	1.12147	2.48144	1.14411	2.48144	1.17176	2.48144	1.20396	2.48144	1.23848	2.48144	1.30107	2.48144	1.32529	2.48144	1.34505	2.48144	1.36137	2.48144	1.37518	
2.49554	1.09626	2.49554	1.12164	2.49554	1.15717	2.49554	1.20596	2.49554	1.26716	2.49554	1.38632	2.49554	1.42784	2.49554	1.45841	2.49554	1.48156	2.49554	1.49978	
2.50786	1.17130	2.50786	1.19988	2.50786	1.23245	2.50786	1.26726	2.50786	1.30192	2.50786	1.36403	2.50786	1.39025	2.50786	1.41310	2.50786	1.43267	2.50786	1.44921	
2.52114	1.17363	2.52114	1.20430	2.52114	1.23831	2.52114	1.27217	2.52114	1.30206	2.52114	1.34519	2.52114	1.36036	2.52114	1.37302	2.52114	1.38404	2.52114	1.39393	
2.53403	1.17884	2.53403	1.21297	2.53403	1.25414	2.53403	1.29945	2.53403	1.34327	2.53403	1.41215	2.53403	1.43831	2.53403	1.46140	2.53403	1.48242	2.53403	1.50166	
2.54654	1.12380	2.54654	1.15185	2.54654	1.18928	2.54654	1.23648	2.54654	1.28878	2.54654	1.37507	2.54654	1.40276	2.54654	1.42293	2.54654	1.43816	2.54654	1.45016	
2.55871	1.17642	2.55871	1.20991	2.55871	1.24929	2.55871	1.29087	2.55871	1.32898	2.55871	1.38315	2.55871	1.40071	2.55871	1.41425	2.55871	1.42498	2.55871	1.43370	
2.57171	1.23129	2.57171	1.25812	2.57171	1.28837	2.57171	1.32067	2.57171	1.35344	2.57171	1.41666	2.57171	1.44610	2.57171	1.47325	2.57171	1.49746	2.57171	1.51843	
2.58433	1.22783	2.58433	1.25453	2.58433	1.28464	2.58433	1.31669	2.58433	1.34881	2.58433	1.40772	2.58433	1.43303	2.58433	1.45510	2.58433	1.47387	2.58433	1.48957	
2.59770	1.24246	2.59770	1.26296	2.59770	1.28874	2.59770	1.32052	2.59770	1.35741	2.59770	1.43142	2.59770	1.46070	2.59770	1.48344	2.59770	1.50075	2.59770	1.51405	
2.61066	1.30223	2.61066	1.31863	2.61066	1.33906	2.61066	1.36410	2.61066	1.39345	2.61066	1.45678	2.61066	1.48504	2.61066	1.50879	2.61066	1.52807	2.61066	1.54358	
2.62325	1.31732	2.62325	1.33642	2.62325	1.36016	2.62325	1.38941	2.62325	1.42410	2.62325	1.50084	2.62325	1.53589	2.62325	1.56577	2.62325	1.59042	2.62325	1.61058	
2.63649	1.36580	2.63649	1.37652	2.63649	1.38930	2.63649	1.40437	2.63649	1.42171	2.63649	1.46102	2.63649	1.48105	2.63649	1.49998	2.63649	1.51721	2.63649	1.53251	
2.64933	1.36703	2.64933	1.37914	2.64933	1.39326	2.64933	1.40969	2.64933	1.42848	2.64933	1.47145	2.64933	1.49357	2.64933	1.51449	2.64933	1.53335	2.64933	1.54981	
2.66181	1.37391	2.66181	1.39193	2.66181	1.41281	2.66181	1.43614	2.66181	1.46088	2.66181	1.50889	2.66181	1.52989	2.66181	1.54829	2.66181	1.56418	2.66181	1.57784	
2.67486	1.38296	2.67486	1.40266	2.67486	1.42668	2.67486	1.45532	2.67486	1.48806	2.67486	1.55839	2.67486	1.59103	2.67486	1.61959	2.67486	1.64358	2.67486	1.66330	
2.68753	1.36892	2.68753	1.37941	2.68753	1.39200	2.68753	1.40756	2.68753	1.42724	2.68753	1.48249	2.68753	1.51631	2.68753	1.55000	2.68753	1.58021	2.68753	1.60547	
2.70070	1.35206	2.70070	1.37192	2.70070	1.39608	2.70070	1.42479	2.70070	1.45750	2.70070	1.52786	2.70070	1.56106	2.70070	1.59077	2.70070	1.61638	2.70070	1.63794	
2.71349	1.38364	2.71349	1.40178	2.71349	1.42455	2.71349	1.45275	2.71349	1.48623	2.71349	1.55976	2.71349	1.59315	2.71349	1.62167	2.71349	1.64531	2.71349	1.66474	
2.72591	1.39070	2.72591	1.40577	2.72591	1.42475	2.72591	1.44851	2.72591	1.47755	2.72591	1.54754	2.72591	1.58329	2.72591	1.61581	2.72591	1.64373	2.72591	1.66692	
2.73878	1.47746	2.73878	1.49370	2.73878	1.51521	2.73878	1.54337	2.73878	1.57836	2.73878	1.65548	2.73878	1.68782	2.73878	1.71313	2.73878	1.73232	2.73878	1.74691	
2.75128	1.48021	2.75128	1.49732	2.75128	1.51759	2.75128	1.54139	2.75128	1.56877	2.75128	1.62991	2.75128	1.65926	2.75128	1.68505	2.75128	1.70651	2.75128	1.72390	
2.76418	1.43363	2.76418	1.45276	2.76418	1.47566	2.76418	1.50296	2.76418	1.53512	2.76418	1.61008	2.76418	1.64686	2.76418	1.67882	2.76418	1.70486	2.76418	1.72546	
2.77743	1.44504	2.77743	1.46646	2.77743	1.49239	2.77743	1.52292	2.77743	1.55723	2.77743	1.62899	2.77743	1.66171	2.77743	1.69031	2.77743	1.71449	2.77743	1.73455	
2.79029	1.46563	2.79029	1.49016	2.79029	1.52043	2.79029	1.55601	2.79029	1.59461	2.79029	1.66657	2.79029	1.69555	2.79029	1.71968	2.79029	1.73973	2.79029	1.75644	
2.80277	1.55822	2.80277	1.57076	2.80277	1.58645	2.80277	1.60610	2.80277	1.63014	2.80277	1.68777	2.80277	1.71645	2.80277	1.74177	2.80277	1.76283	2.80277	1.77984	
2.81558	1.54487	2.81558	1.55355	2.81558	1.56454	2.81558	1.57883	2.81558	1.59780	2.81558	1.65395	2.81558	1.68890	2.81558	1.72322	2.81558	1.75320	2.81558	1.77755	
2.82866	1.48411	2.82866	1.50160	2.82866	1.52352	2.82866	1.55105	2.82866	1.58504	2.82866	1.66763	2.82866	1.70842	2.82866	1.74362	2.82866	1.77208	2.82866	1.79445	
2.84136	1.56586	2.84136	1.57354	2.84136	1.58346	2.84136	1.59672	2.84136	1.61484	2.84136	1.67082	2.84136	1.70658	2.84136	1.74187	2.84136	1.77263	2.84136	1.79744	
2.85431	1.56670	2.85431	1.57613	2.85431	1.58776	2.85431	1.60262	2.85431	1.62210	2.85431	1.67949	2.85431	1.71516	2.85431	1.75008	2.85431	1.78048	2.85431	1.80505	
2.86688	1.55018	2.86688	1.56903	2.86688	1.59277	2.86688	1.62257	2.86688	1.65878	2.86688	1.74002	2.86688	1.77557	2.86688	1.80392	2.86688	1.82550	2.86688	1.84174	
2.88024	1.53197	2.88024	1.55594	2.88024	1.58612	2.88024	1.62238	2.88024	1.66242	2.88024	1.73786	2.88024	1.76801	2.88024	1.79280	2.88024	1.81306	2.88024	1.82966	
2.89265	1.46081	2.89265	1.48636	2.89265	1.52171	2.89265	1.56905	2.89265	1.62632	2.89265	1.73495	2.89265	1.77410	2.89265	1.80404	2.89265	1.82724	2.89265	1.84548	
2.90580	1.45009	2.90580	1.47634	2.90580	1.51336	2.90580	1.56418	2.90580	1.62708	2.90580	1.74615	2.90580	1.78757	2.90580	1.81858	2.90580	1.84229	2.90580	1.86078	
2.91855	1.46021	2.91855	1.48582	2.91855	1.52144	2.91855	1.56970	2.91855	1.62941	2.91855	1.74831	2.91855	1.79306	2.91855	1.82758	2.91855	1.85411	2.91855	1.87458	
2.93146	1.58851	2.93146	1.60918	2.93146	1.63542	2.93146	1.66770	2.93146	1.70511	2.93146	1.78359	2.93146	1.81816	2.93146	1.84733	2.93146	1.87108	2.93146	1.89006	
2.94399	1.65742	2.94399	1.67330	2.94399	1.69246	2.94399	1.71523	2.94399	1.74160	2.94399	1.80141	2.94399	1.83099	2.94399	1.85761	2.94399	1.88022	2.94399	1.89872	
2.95713	1.64331	2.95713	1.66286	2.95713	1.68720	2.95713	1.71643	2.95713	1.74945	2.95713	1.81658	2.95713	1.84576	2.95713	1.87055	2.95713	1.89106	2.95713	1.90781	
2.96988	1.64631	2.96988	1.66763	2.96988	1.69491	2.96988	1.72838	2.96988	1.76614	2.96988	1.83789	2.96988	1.86576	2.96988	1.88791	2.96988	1.90547	2.96988	1.91953	
2.98272	1.72661	2.98272	1.74198	2.98272	1.76029	2.98272	1.78144	2.98272	1.80481	2.98272	1.85273	2.98272	1.87439	2.98272	1.89338	2.98272	1.90954	2.98272	1.92311	
2.99564	1.72332	2.99564	1.73347	2.99564	1.74655	2.99564	1.76354	2.99564	1.78533	2.99564	1.84156	2.99564	1.87096	2.99564	1.89707	2.99564	1.91847	2.99564	1.93530	
3.00817	1.74512	3.00817	1.75413	3.00817	1.76595	3.00817	1.78164	3.00817	1.80225	3.00817	1.85729	3.00817	1.88685	3.00817	1.91335	3.00817	1.93516	3.00817	1.95229	
3.02119	1.75869	3.02119	1.76714	3.02119	1.77845	3.02119	1.79378	3.02119	1.81434	3.02119	1.87075	3.02119	1.90146	3.02119	1.92897	3.02119	1.95148	3.02119	1.96903	
3.03423	1.76025	3.03423	1.76783	3.03423	1.77831	3.03423	1.79296	3.03423	1.81314	3.03423	1.87044	3.03423	1.90219	3.03423	1.93067	3.03423	1.95387	3.03423	1.97184	
3.04689	1.73821	3.04689	1.74578	3.04689	1.75650	3.04689	1.77192	3.04689	1.79379	3.04689	1.85798	3.04689	1.89360	3.04689	1.92492	3.04689	1.94980	3.04689	1.96865	
3.05956	1.72273	3.05956	1.73160	3.05956	1.74380	3.05956	1.76094	3.05956	1.78490	3.05956	1.85391	3.05956	1.89134	3.05956	1.92370	3.05956	1.94905	3.05956	1.96809	
3.07262	1.70206	3.07262	1.71220	3.07262	1.72592	3.07262	1.74500	3.07262	1.77152	3.07262	1.84708	3.07262	1.88715	3.07262	1.92107	3.07262	1.94718	3.07262	1.96653	
3.08529	1.69591	3.08529	1.71226	3.08529	1.73363	3.08529	1.76118	3.08529	1.79507	3.08529	1.87109	3.08529	1.90449	3.08529	1.93150	3.08529	1.95243	3.08529	1.96847	
3.09830	1.69178	3.09830	1.70858	3.09830	1.73065	3.09830	1.75922	3.09830	1.79435	3.09830	1.87226	3.09830	1.90589	3.09830	1.93284	3.09830	1.95361	3.09830	1.96950	
3.11093	1.67307	3.11093	1.68681	3.11093	1.70705	3.11093	1.73723	3.11093	1.78038	3.11093	1.88819	3.11093	1.93134	3.11093	1.96151	3.11093	1.98175	3.11093	1.99550	
3.12385	1.68957	3.12385	1.70309	3.12385	1.72271	3.12385	1.75141	3.12385	1.79150	3.12385	1.88992	3.12385	1.93002	3.12385	1.95871	3.12385	1.97834	3.12385	1.99185	
3.13672	1.69092	3.13672	1.70433	3.13672	1.72371	3.13672	1.75183	3.13672	1.79077	3.13672	1.88574	3.13672	1.92467	3.13672	1.95280	3.13672	1.97218	3.13672	1.98559	
3.14953	1.66669	3.14953	1.68033	3.14953	1.70028	3.14953	1.72975	3.14953	1.77141	3.14953	1.87462	3.14953	1.91629	3.14953	1.94576	3.14953	1.96571	3.14953	1.97935	
3.16256	1.68045	3.16256	1.69390	3.16256	1.71338	3.16256	1.74173	3.16256	1.78113	3.16256	1.87746	3.16256	1.91685	3.16256	1.94520	3.16256	1.96468	3.16256	1.97813	
3.17522	1.67809	3.17522	1.69166	3.17522	1.71145	3.17522	1.74053	3.17522	1.78139	3.17522	1.88215	3.17522	1.92301	3.17522	1.95209	3.17522	1.97187	3.17522	1.98545	
3.18808	1.69238	3.18808	1.70593	3.18808	1.72566	3.18808	1.75461	3.18808	1.79519	3.18808	1.89511	3.18808	1.93570	3.18808	1.96465	3.18808	1.98438	3.18808	1.99793	
3.20085	1.72429	3.20085	1.73740	3.20085	1.75605	3.20085	1.78253	3.20085	1.81830	3.20085	1.90402	3.20085	1.93980	3.20085	1.96628	3.20085	1.98493	3.20085	1.99803	
3.21378	1.72466	3.21378	1.73769	3.21378	1.75616	3.21378	1.78225	3.21378	1.81732	3.21378	1.90100	3.21378	1.93606	3.21378	1.96216	3.21378	1.98063	3.21378	1.99365	
3.22660	1.72143	3.22660	1.73443	3.22660	1.75282	3.22660	1.77876	3.22660	1.81352	3.22660	1.89634	3.22660	1.93110	3.22660	1.95704	3.22660	1.97543	3.22660	1.98843	
3.23955	1.73944	3.23955	1.75202	3.23955	1.76949	3.23955	1.79351	3.23955	1.82486	3.23955	1.89815	3.23955	1.92949	3.23955	1.95351	3.23955	1.97098	3.23955	1.98356	
3.25237	1.73671	3.25237	1.74927	3.25237	1.76668	3.25237	1.79060	3.25237	1.82176	3.25237	1.89454	3.25237	1.92571	3.25237	1.94962	3.25237	1.96703	3.25237	1.97959	
3.26505	1.86912	3.26505	1.87730	3.26505	1.88710	3.26505	1.89852	3.26505	1.91132	3.26505	1.93851	3.26505	1.95131	3.26505	1.96273	3.26505	1.97252	3.26505	1.98070	
3.27807	1.88549	3.27807	1.89257	3.27807	1.90080	3.27807	1.91014	3.27807	1.92037	3.27807	1.94185	3.27807	1.95208	3.27807	1.96142	3.27807	1.96965	3.27807	1.97673	
3.29070	2.02201	3.29070	2.02201	3.29070	2.02201	3.29070	2.02201	3.29070	2.02201	3.29070	2.02201	3.29070	2.02201	3.29070	2.02201	3.29070	2.02201	3.29070	2.02201	
3.30363	2.01648	3.30363	2.01648	3.30363	2.01648	3.30363	2.01648	3.30363	2.01648	3.30363	2.01648	3.30363	2.01648	3.30363	2.01648	3.30363	2.01648	3.30363	2.01648	
3.31639	2.01024	3.31639	2.01024	3.31639	2.01024	3.31639	2.01024	3.31639	2.01024	3.31639	2.01024	3.31639	2.01024	3.31639	2.01024	3.31639	2.01024	3.31639	2.01024	
3.32940	2.00453	3.32940	2.00453	3.32940	2.00453	3.32940	2.00453	3.32940	2.00453	3.32940	2.00453	3.32940	2.00453	3.32940	2.00453	3.32940	2.00453	3.32940	2.00453	
3.34223	1.99820	3.34223	1.99820	3.34223	1.99820	3.34223	1.99820	3.34223	1.99820	3.34223	1.99820	3.34223	1.99820	3.34223	1.99820	3.34223	1.99820	3.34223	1.99820	
3.35507	1.99180	3.35507	1.99180	3.35507	1.99180	3.35507	1.99180	3.35507	1.99180	3.35507	1.99180	3.35507	1.99180	3.35507	1.99180	3.35507	1.99180	3.35507	1.99180	
3.36791	1.98548	3.36791	1.98548	3.36791	1.98548	3.36791	1.98548	3.36791	1.98548	3.36791	1.98548	3.36791	1.98548	3.36791	1.98548	3.36791	1.98548	3.36791	1.98548	
3.38057	1.97944	3.38057	1.97944	3.38057	1.97944	3.38057	1.97944	3.38057	1.97944	3.38057	1.97944	3.38057	1.97944	3.38057	1.97944	3.38057	1.97944	3.38057	1.97944	
3.39358	1.97394	3.39358	1.97394	3.39358	1.97394	3.39358	1.97394	3.39358	1.97394	3.39358	1.97394	3.39358	1.97394	3.39358	1.97394	3.39358	1.97394	3.39358	1.97394	
3.40637	1.97634	3.40637	1.97634	3.40637	1.97634	3.40637	1.97634	3.40637	1.97634	3.40637	1.97634	3.40637	1.97634	3.40637	1.97634	3.40637	1.97634	3.40637	1.97634	
3.41913	1.98433	3.41913	1.98433	3.41913	1.98433	3.41913	1.98433	3.41913	1.98433	3.41913	1.98433	3.41913	1.98433	3.41913	1.98433	3.41913	1.98433	3.41913	1.98433	
3.43201	1.99729	3.43201	1.99729	3.43201	1.99729	3.43201	1.99729	3.43201	1.99729	3.43201	1.99729	3.43201	1.99729	3.43201	1.99729	3.43201	1.99729	3.43201	1.99729	
3.44483	2.00241	3.44483	2.00241	3.44483	2.00241	3.44483	2.00241	3.44483	2.00241	3.44483	2.00241	3.44483	2.00241	3.44483	2.00241	3.44483	2.00241	3.44483	2.00241	
3.45773	2.00102	3.45773	2.00102	3.45773	2.00102	3.45773	2.00102	3.45773	2.00102	3.45773	2.00102	3.45773	2.00102	3.45773	2.00102	3.45773	2.00102	3.45773	2.00102	
3.47056	1.99828	3.47056	1.99828	3.47056	1.99828	3.47056	1.99828	3.47056	1.99828	3.47056	1.99828	3.47056	1.99828	3.47056	1.99828	3.47056	1.99828	3.47056	1.99828	
3.48330	2.00876	3.48330	2.00876	3.48330	2.00876	3.48330	2.00876	3.48330	2.00876	3.48330	2.00876	3.48330	2.00876	3.48330	2.00876	3.48330	2.00876	3.48330	2.00876	
3.49624	2.03188	3.49624	2.03188	3.49624	2.03188	3.49624	2.03188	3.49624	2.03188	3.49624	2.03188	3.49624	2.03188	3.49624	2.03188	3.49624	2.03188	3.49624	2.03188	
3.50907	2.06263	3.50907	2.06263	3.50907	2.06263	3.50907	2.06263	3.50907	2.06263	3.50907	2.06263	3.50907	2.06263	3.50907	2.06263	3.50907	2.06263	3.50907	2.06263	
3.52192	2.07588	3.52192	2.07588	3.52192	2.07588	3.52192	2.07588	3.52192	2.07588	3.52192	2.07588	3.52192	2.07588	3.52192	2.07588	3.52192	2.07588	3.52192	2.07588	
3.53466	2.08136	3.53466	2.08136	3.53466	2.08136	3.53466	2.08136	3.53466	2.08136	3.53466	2.08136	3.53466	2.08136	3.53466	2.08136	3.53466	2.08136	3.53466	2.08136	
3.54753	2.09140	3.54753	2.09140	3.54753	2.09140	3.54753	2.09140	3.54753	2.09140	3.54753	2.09140	3.54753	2.09140	3.54753	2.09140	3.54753	2.09140	3.54753	2.09140	
3.56038	2.13500	3.56038	2.13500	3.56038	2.13500	3.56038	2.13500	3.56038	2.13500	3.56038	2.13500	3.56038	2.13500	3.56038	2.13500	3.56038	2.13500	3.56038	2.13500	
3.57322	2.19100	3.57322	2.19100	3.57322	2.19100	3.57322	2.19100	3.57322	2.19100	3.57322	2.19100	3.57322	2.19100	3.57322	2.19100	3.57322	2.19100	3.57322	2.19100	
