# MesswertTabelle
#
# M e s s w e r t t a b e l l e  der Reihen:
#
# _shuffled_1 (q=-5.0) [188,188] Werte
# _shuffled_1 (q=-4.0) [188,188] Werte
# _shuffled_1 (q=-3.0) [188,188] Werte
# _shuffled_1 (q=-2.0) [188,188] Werte
# _shuffled_1 (q=-1.0) [188,188] Werte
# _shuffled_1 (q=1.0) [190,190] Werte
# _shuffled_1 (q=2.0) [190,190] Werte
# _shuffled_1 (q=3.0) [190,190] Werte
# _shuffled_1 (q=4.0) [190,190] Werte
# _shuffled_1 (q=5.0) [190,190] Werte
#
#
#s	F(s)	s	F(s)	s	F(s)	s	F(s)	s	F(s)	s	F(s)	s	F(s)	s	F(s)	s	F(s)	s	F(s)	
0.60206	-0.36490	0.60206	-0.28557	0.60206	-0.18974	0.60206	-0.08476	0.60206	0.01870	0.60206	-0.03065	0.60206	0.14927	0.60206	0.29825	0.60206	0.41480	0.60206	0.50294	
0.69897	-0.23759	0.69897	-0.15689	0.69897	-0.06507	0.69897	0.02821	0.69897	0.11552	0.69897	0.13488	0.69897	0.27197	0.69897	0.39536	0.69897	0.49446	0.69897	0.57000	
0.77815	-0.04890	0.77815	0.00374	0.77815	0.06313	0.77815	0.12712	0.77815	0.19436	0.77815	0.22326	0.77815	0.33392	0.77815	0.43882	0.77815	0.52549	0.77815	0.59272	
0.84510	0.03031	0.84510	0.07167	0.84510	0.12026	0.84510	0.17522	0.84510	0.23542	0.84510	0.29109	0.84510	0.39014	0.84510	0.48521	0.84510	0.56411	0.84510	0.62522	
0.90309	0.12244	0.90309	0.15711	0.90309	0.19534	0.90309	0.23758	0.90309	0.28539	0.90309	0.34838	0.90309	0.43827	0.90309	0.52607	0.90309	0.60108	0.90309	0.66052	
0.95424	0.13453	0.95424	0.17013	0.95424	0.21014	0.95424	0.25500	0.95424	0.30584	0.95424	0.37601	0.95424	0.45795	0.95424	0.53862	0.95424	0.60829	0.95424	0.66388	
1.00000	0.20735	1.00000	0.23922	1.00000	0.27427	1.00000	0.31308	1.00000	0.35697	1.00000	0.40795	1.00000	0.48177	1.00000	0.55408	1.00000	0.61704	1.00000	0.66845	
1.04139	0.23917	1.04139	0.27382	1.04139	0.30908	1.04139	0.34609	1.04139	0.38689	1.04139	0.43262	1.04139	0.50752	1.04139	0.58183	1.04139	0.64771	1.04139	0.70196	
1.07918	0.24680	1.07918	0.29102	1.07918	0.33405	1.07918	0.37601	1.07918	0.41945	1.07918	0.46707	1.07918	0.53236	1.07918	0.59707	1.07918	0.65450	1.07918	0.70201	
1.11394	0.31158	1.11394	0.33696	1.11394	0.36561	1.11394	0.39821	1.11394	0.43590	1.11394	0.48762	1.11394	0.54624	1.11394	0.60370	1.11394	0.65454	1.11394	0.69665	
1.14613	0.33022	1.14613	0.35482	1.14613	0.38325	1.14613	0.41636	1.14613	0.45512	1.14613	0.52186	1.14613	0.58074	1.14613	0.63871	1.14613	0.69042	1.14613	0.73356	
1.17609	0.38097	1.17609	0.40197	1.17609	0.42556	1.17609	0.45240	1.17609	0.48351	1.17609	0.53312	1.17609	0.59347	1.17609	0.65660	1.17609	0.71605	1.17609	0.76792	
1.20412	0.38488	1.20412	0.40611	1.20412	0.43138	1.20412	0.46149	1.20412	0.49723	1.20412	0.55042	1.20412	0.60270	1.20412	0.65239	1.20412	0.69621	1.20412	0.73315	
1.23045	0.38283	1.23045	0.40830	1.23045	0.43651	1.23045	0.46782	1.23045	0.50302	1.23045	0.56432	1.23045	0.61492	1.23045	0.66810	1.23045	0.71795	1.23045	0.76064	
1.25527	0.41183	1.25527	0.43710	1.25527	0.46561	1.25527	0.49743	1.25527	0.53270	1.25527	0.58752	1.25527	0.64000	1.25527	0.69252	1.25527	0.74067	1.25527	0.78210	
1.27875	0.43635	1.27875	0.45664	1.27875	0.48006	1.27875	0.50727	1.27875	0.53921	1.27875	0.59020	1.27875	0.64288	1.27875	0.69775	1.27875	0.74958	1.27875	0.79491	
1.30103	0.47274	1.30103	0.48971	1.30103	0.50963	1.30103	0.53330	1.30103	0.56180	1.30103	0.61471	1.30103	0.66090	1.30103	0.70781	1.30103	0.75210	1.30103	0.79139	
1.32222	0.47824	1.32222	0.49936	1.32222	0.52287	1.32222	0.54913	1.32222	0.57894	1.32222	0.62096	1.32222	0.66953	1.32222	0.71855	1.32222	0.76364	1.32222	0.80251	
1.34242	0.47507	1.34242	0.49750	1.34242	0.52275	1.34242	0.55134	1.34242	0.58394	1.34242	0.63856	1.34242	0.68764	1.34242	0.74020	1.34242	0.79071	1.34242	0.83516	
1.36173	0.46844	1.36173	0.49376	1.36173	0.52213	1.36173	0.55358	1.36173	0.58825	1.36173	0.65481	1.36173	0.70203	1.36173	0.75197	1.36173	0.79964	1.36173	0.84173	
1.38021	0.50589	1.38021	0.52818	1.38021	0.55188	1.38021	0.57769	1.38021	0.60686	1.38021	0.66441	1.38021	0.71241	1.38021	0.76282	1.38021	0.81173	1.38021	0.85598	
1.39794	0.52087	1.39794	0.54355	1.39794	0.56722	1.39794	0.59218	1.39794	0.61923	1.39794	0.66956	1.39794	0.71772	1.39794	0.77070	1.39794	0.82602	1.39794	0.87950	
1.41497	0.55059	1.41497	0.56744	1.41497	0.58637	1.41497	0.60797	1.41497	0.63305	1.41497	0.68135	1.41497	0.72701	1.41497	0.77445	1.41497	0.81922	1.41497	0.85859	
1.43136	0.53015	1.43136	0.55254	1.43136	0.57715	1.43136	0.60435	1.43136	0.63481	1.43136	0.68583	1.43136	0.72952	1.43136	0.78155	1.43136	0.83870	1.43136	0.89463	
1.44716	0.54755	1.44716	0.56834	1.44716	0.59118	1.44716	0.61648	1.44716	0.64498	1.44716	0.69842	1.44716	0.74187	1.44716	0.79378	1.44716	0.85135	1.44716	0.90822	
1.46240	0.55666	1.46240	0.57442	1.46240	0.59535	1.46240	0.62012	1.46240	0.64930	1.46240	0.70884	1.46240	0.75212	1.46240	0.79642	1.46240	0.83812	1.46240	0.87487	
1.47712	0.58370	1.47712	0.60214	1.47712	0.62298	1.47712	0.64653	1.47712	0.67307	1.47712	0.71506	1.47712	0.75704	1.47712	0.80142	1.47712	0.84489	1.47712	0.88471	
1.49136	0.57955	1.49136	0.59641	1.49136	0.61618	1.49136	0.63936	1.49136	0.66640	1.49136	0.72049	1.49136	0.75969	1.49136	0.79794	1.49136	0.83299	1.49136	0.86368	
1.50515	0.58214	1.50515	0.60141	1.50515	0.62281	1.50515	0.64706	1.50515	0.67519	1.50515	0.73465	1.50515	0.76791	1.50515	0.80055	1.50515	0.83088	1.50515	0.85790	
1.51851	0.58428	1.51851	0.60576	1.51851	0.62832	1.51851	0.65302	1.51851	0.68111	1.51851	0.73229	1.51851	0.76969	1.51851	0.80808	1.51851	0.84590	1.51851	0.88195	
1.53148	0.60214	1.53148	0.62029	1.53148	0.64058	1.53148	0.66364	1.53148	0.69021	1.53148	0.74718	1.53148	0.79137	1.53148	0.83882	1.53148	0.88635	1.53148	0.93089	
1.54407	0.64006	1.54407	0.65385	1.54407	0.66937	1.54407	0.68713	1.54407	0.70775	1.54407	0.74969	1.54407	0.78805	1.54407	0.82593	1.54407	0.86143	1.54407	0.89377	
1.55630	0.59619	1.55630	0.61653	1.55630	0.63980	1.55630	0.66632	1.55630	0.69608	1.55630	0.75704	1.55630	0.79819	1.55630	0.84377	1.55630	0.89135	1.55630	0.93738	
1.56820	0.60823	1.56820	0.63040	1.56820	0.65476	1.56820	0.68127	1.56820	0.70977	1.56820	0.76047	1.56820	0.79362	1.56820	0.83087	1.56820	0.87039	1.56820	0.90948	
1.57978	0.63789	1.57978	0.65383	1.57978	0.67215	1.57978	0.69342	1.57978	0.71836	1.57978	0.76197	1.57978	0.79459	1.57978	0.82454	1.57978	0.85084	1.57978	0.87337	
1.59106	0.63302	1.59106	0.65197	1.59106	0.67339	1.59106	0.69761	1.59106	0.72491	1.59106	0.77100	1.59106	0.80215	1.59106	0.83232	1.59106	0.86066	1.59106	0.88662	
1.61278	0.61456	1.61278	0.63583	1.61278	0.65852	1.61278	0.68300	1.61278	0.70983	1.61278	0.78207	1.61278	0.82100	1.61278	0.86283	1.61278	0.90464	1.61278	0.94359	
1.62325	0.66453	1.62325	0.68012	1.62325	0.69761	1.62325	0.71733	1.62325	0.73963	1.62325	0.78897	1.62325	0.82505	1.62325	0.86273	1.62325	0.90063	1.62325	0.93713	
1.63347	0.66928	1.63347	0.68826	1.63347	0.70890	1.63347	0.73143	1.63347	0.75608	1.63347	0.77243	1.63347	0.80821	1.63347	0.84593	1.63347	0.88403	1.63347	0.92068	
1.64345	0.68388	1.64345	0.69974	1.64345	0.71770	1.64345	0.73802	1.64345	0.76085	1.64345	0.79268	1.64345	0.82306	1.64345	0.85514	1.64345	0.88790	1.64345	0.92014	
1.66276	0.67556	1.66276	0.69330	1.66276	0.71386	1.66276	0.73753	1.66276	0.76426	1.66276	0.81224	1.66276	0.84318	1.66276	0.87506	1.66276	0.90690	1.66276	0.93768	
1.67210	0.66281	1.67210	0.68841	1.67210	0.71510	1.67210	0.74223	1.67210	0.76958	1.67210	0.81398	1.67210	0.84369	1.67210	0.87480	1.67210	0.90655	1.67210	0.93797	
1.69020	0.67669	1.69020	0.69880	1.69020	0.72218	1.69020	0.74672	1.69020	0.77245	1.69020	0.82383	1.69020	0.85358	1.69020	0.88113	1.69020	0.90559	1.69020	0.92679	
1.69897	0.69240	1.69897	0.71343	1.69897	0.73593	1.69897	0.76002	1.69897	0.78585	1.69897	0.82557	1.69897	0.85409	1.69897	0.88216	1.69897	0.90892	1.69897	0.93366	
1.71600	0.72124	1.71600	0.73882	1.71600	0.75696	1.71600	0.77577	1.71600	0.79545	1.71600	0.82831	1.71600	0.85902	1.71600	0.89177	1.71600	0.92603	1.71600	0.96037	
1.72428	0.71474	1.72428	0.73636	1.72428	0.75853	1.72428	0.78155	1.72428	0.80583	1.72428	0.84243	1.72428	0.87230	1.72428	0.90237	1.72428	0.93197	1.72428	0.96044	
1.74036	0.73503	1.74036	0.74978	1.74036	0.76677	1.74036	0.78638	1.74036	0.80886	1.74036	0.83811	1.74036	0.86136	1.74036	0.88603	1.74036	0.91202	1.74036	0.93882	
1.74819	0.74231	1.74819	0.76045	1.74819	0.78012	1.74819	0.80119	1.74819	0.82341	1.74819	0.85870	1.74819	0.88646	1.74819	0.91402	1.74819	0.94060	1.74819	0.96565	
1.76343	0.73674	1.76343	0.75801	1.76343	0.78037	1.76343	0.80366	1.76343	0.82765	1.76343	0.86201	1.76343	0.89170	1.76343	0.92243	1.76343	0.95315	1.76343	0.98268	
1.77815	0.74152	1.77815	0.76470	1.77815	0.78824	1.77815	0.81220	1.77815	0.83703	1.77815	0.87029	1.77815	0.89446	1.77815	0.91880	1.77815	0.94296	1.77815	0.96646	
1.78533	0.77363	1.78533	0.78822	1.78533	0.80445	1.78533	0.82251	1.78533	0.84257	1.78533	0.87603	1.78533	0.89911	1.78533	0.92055	1.78533	0.93996	1.78533	0.95722	
1.79934	0.75004	1.79934	0.76687	1.79934	0.78641	1.79934	0.80887	1.79934	0.83419	1.79934	0.89218	1.79934	0.92355	1.79934	0.95699	1.79934	0.99092	1.79934	1.02328	
1.81291	0.77111	1.81291	0.78728	1.81291	0.80505	1.81291	0.82460	1.81291	0.84615	1.81291	0.88823	1.81291	0.91263	1.81291	0.93666	1.81291	0.95926	1.81291	0.97972	
1.82607	0.72668	1.82607	0.75113	1.82607	0.77680	1.82607	0.80332	1.82607	0.83061	1.82607	0.89125	1.82607	0.92113	1.82607	0.95039	1.82607	0.97795	1.82607	1.00303	
1.83885	0.76483	1.83885	0.78357	1.83885	0.80401	1.83885	0.82648	1.83885	0.85129	1.83885	0.89544	1.83885	0.92244	1.83885	0.94973	1.83885	0.97600	1.83885	1.00020	
1.85126	0.80451	1.85126	0.81810	1.85126	0.83258	1.85126	0.84798	1.85126	0.86433	1.85126	0.88828	1.85126	0.91895	1.85126	0.95040	1.85126	0.98167	1.85126	1.01151	
1.86332	0.81031	1.86332	0.82438	1.86332	0.83974	1.86332	0.85648	1.86332	0.87459	1.86332	0.90827	1.86332	0.93933	1.86332	0.97040	1.86332	0.99994	1.86332	1.02685	
1.88081	0.80017	1.88081	0.81823	1.88081	0.83672	1.88081	0.85555	1.88081	0.87463	1.88081	0.89980	1.88081	0.91869	1.88081	0.93803	1.88081	0.95740	1.88081	0.97628	
1.89209	0.78401	1.89209	0.80605	1.89209	0.82962	1.89209	0.85424	1.89209	0.87951	1.89209	0.91378	1.89209	0.93366	1.89209	0.95268	1.89209	0.97022	1.89209	0.98592	
1.90309	0.77798	1.90309	0.80685	1.90309	0.83606	1.90309	0.86399	1.90309	0.88962	1.90309	0.91248	1.90309	0.93050	1.90309	0.94743	1.90309	0.96308	1.90309	0.97737	
1.91908	0.83513	1.91908	0.85179	1.91908	0.87024	1.91908	0.89031	1.91908	0.91169	1.91908	0.93148	1.91908	0.95779	1.91908	0.98353	1.91908	1.00776	1.91908	1.02969	
1.92942	0.84890	1.92942	0.86429	1.92942	0.88117	1.92942	0.89952	1.92942	0.91919	1.92942	0.93343	1.92942	0.95220	1.92942	0.96927	1.92942	0.98486	1.92942	0.99905	
1.94448	0.85552	1.94448	0.87226	1.94448	0.88972	1.94448	0.90779	1.94448	0.92635	1.94448	0.95643	1.94448	0.97864	1.94448	0.99998	1.94448	1.01998	1.94448	1.03830	
1.95424	0.84905	1.95424	0.87069	1.95424	0.89161	1.95424	0.91135	1.95424	0.92990	1.95424	0.96052	1.95424	0.98063	1.95424	0.99935	1.95424	1.01617	1.95424	1.03095	
1.96848	0.84828	1.96848	0.86829	1.96848	0.88870	1.96848	0.90912	1.96848	0.92943	1.96848	0.96412	1.96848	0.98268	1.96848	1.00047	1.96848	1.01712	1.96848	1.03237	
1.98227	0.80496	1.98227	0.83101	1.98227	0.85888	1.98227	0.88752	1.98227	0.91607	1.98227	0.96457	1.98227	0.98116	1.98227	0.99730	1.98227	1.01278	1.98227	1.02738	
1.99564	0.87737	1.99564	0.89144	1.99564	0.90729	1.99564	0.92493	1.99564	0.94423	1.99564	0.97017	1.99564	0.99067	1.99564	1.01089	1.99564	1.03031	1.99564	1.04835	
2.00860	0.88904	2.00860	0.90286	2.00860	0.91773	2.00860	0.93356	2.00860	0.95023	2.00860	0.97105	2.00860	0.99676	2.00860	1.02071	2.00860	1.04249	2.00860	1.06192	
2.02119	0.90403	2.02119	0.91845	2.02119	0.93350	2.02119	0.94892	2.02119	0.96439	2.02119	0.98594	2.02119	1.00695	2.02119	1.02709	2.02119	1.04586	2.02119	1.06297	
2.03342	0.87383	2.03342	0.88853	2.03342	0.90528	2.03342	0.92425	2.03342	0.94543	2.03342	0.98509	2.03342	1.00250	2.03342	1.01926	2.03342	1.03498	2.03342	1.04939	
2.04532	0.88947	2.04532	0.90861	2.04532	0.92830	2.04532	0.94808	2.04532	0.96765	2.04532	0.99421	2.04532	1.00808	2.04532	1.02105	2.04532	1.03305	2.04532	1.04407	
2.05690	0.85135	2.05690	0.87626	2.05690	0.90179	2.05690	0.92698	2.05690	0.95104	2.05690	0.99299	2.05690	1.01766	2.05690	1.04139	2.05690	1.06317	2.05690	1.08244	
2.07188	0.85657	2.07188	0.87939	2.07188	0.90314	2.07188	0.92722	2.07188	0.95111	2.07188	1.00590	2.07188	1.02441	2.07188	1.04225	2.07188	1.05907	2.07188	1.07460	
2.08279	0.91462	2.08279	0.93084	2.08279	0.94873	2.08279	0.96765	2.08279	0.98667	2.08279	0.99365	2.08279	1.01163	2.08279	1.02731	2.08279	1.04085	2.08279	1.05250	
2.09691	0.94373	2.09691	0.95708	2.09691	0.97168	2.09691	0.98757	2.09691	1.00473	2.09691	0.99637	2.09691	1.01688	2.09691	1.03557	2.09691	1.05236	2.09691	1.06729	
2.11059	0.92156	2.11059	0.94028	2.11059	0.96015	2.11059	0.98042	2.11059	1.00027	2.11059	1.02131	2.11059	1.03590	2.11059	1.04857	2.11059	1.05953	2.11059	1.06906	
2.12385	0.93539	2.12385	0.95052	2.12385	0.96628	2.12385	0.98213	2.12385	0.99750	2.12385	1.04191	2.12385	1.06093	2.12385	1.07933	2.12385	1.09652	2.12385	1.11211	
2.13672	0.94151	2.13672	0.96173	2.13672	0.98259	2.13672	1.00332	2.13672	1.02321	2.13672	1.03644	2.13672	1.05222	2.13672	1.06639	2.13672	1.07904	2.13672	1.09025	
2.14922	0.93694	2.14922	0.96301	2.14922	0.98893	2.14922	1.01293	2.14922	1.03391	2.14922	1.02518	2.14922	1.03715	2.14922	1.04789	2.14922	1.05750	2.14922	1.06613	
2.16137	0.91426	2.16137	0.94039	2.16137	0.96769	2.16137	0.99437	2.16137	1.01876	2.16137	1.05893	2.16137	1.07458	2.16137	1.08886	2.16137	1.10186	2.16137	1.11366	
2.17319	0.91234	2.17319	0.94135	2.17319	0.97139	2.17319	0.99960	2.17319	1.02364	2.17319	1.06652	2.17319	1.07907	2.17319	1.08981	2.17319	1.09914	2.17319	1.10736	
2.18752	0.91289	2.18752	0.94316	2.18752	0.97384	2.18752	1.00258	2.18752	1.02799	2.18752	1.05787	2.18752	1.07290	2.18752	1.08555	2.18752	1.09632	2.18752	1.10558	
2.19866	0.92502	2.19866	0.95791	2.19866	0.99120	2.19866	1.02125	2.19866	1.04595	2.19866	1.05750	2.19866	1.06890	2.19866	1.07790	2.19866	1.08518	2.19866	1.09123	
2.21219	0.97868	2.21219	0.99459	2.21219	1.01138	2.21219	1.02847	2.21219	1.04523	2.21219	1.06878	2.21219	1.08524	2.21219	1.09969	2.21219	1.11240	2.21219	1.12358	
2.22531	1.02308	2.22531	1.03442	2.22531	1.04624	2.22531	1.05823	2.22531	1.07005	2.22531	1.08102	2.22531	1.09403	2.22531	1.10538	2.22531	1.11560	2.22531	1.12498	
2.23805	1.03101	2.23805	1.03765	2.23805	1.04491	2.23805	1.05283	2.23805	1.06141	2.23805	1.07575	2.23805	1.08905	2.23805	1.10105	2.23805	1.11188	2.23805	1.12169	
2.25042	1.03170	2.25042	1.04319	2.25042	1.05526	2.25042	1.06792	2.25042	1.08123	2.25042	1.09220	2.25042	1.10231	2.25042	1.11174	2.25042	1.12057	2.25042	1.12886	
2.26482	1.04339	2.26482	1.05079	2.26482	1.05858	2.26482	1.06676	2.26482	1.07530	2.26482	1.08032	2.26482	1.09036	2.26482	1.10049	2.26482	1.11045	2.26482	1.12000	
2.27646	1.01911	2.27646	1.03051	2.27646	1.04320	2.27646	1.05722	2.27646	1.07252	2.27646	1.11010	2.27646	1.12566	2.27646	1.14175	2.27646	1.15800	2.27646	1.17395	
2.29003	1.04162	2.29003	1.05201	2.29003	1.06315	2.29003	1.07486	2.29003	1.08690	2.29003	1.09341	2.29003	1.10294	2.29003	1.11268	2.29003	1.12253	2.29003	1.13234	
2.30320	1.05537	2.30320	1.07034	2.30320	1.08590	2.30320	1.10164	2.30320	1.11724	2.30320	1.10644	2.30320	1.12447	2.30320	1.14254	2.30320	1.16004	2.30320	1.17639	
2.31597	1.04933	2.31597	1.05845	2.31597	1.06774	2.31597	1.07709	2.31597	1.08640	2.31597	1.11100	2.31597	1.12264	2.31597	1.13380	2.31597	1.14439	2.31597	1.15433	
2.32838	1.04144	2.32838	1.05527	2.32838	1.06982	2.32838	1.08492	2.32838	1.10040	2.32838	1.14720	2.32838	1.16147	2.32838	1.17529	2.32838	1.18863	2.32838	1.20144	
2.34044	1.04667	2.34044	1.05791	2.34044	1.07039	2.34044	1.08434	2.34044	1.10008	2.34044	1.10461	2.34044	1.11338	2.34044	1.12182	2.34044	1.12986	2.34044	1.13744	
2.35411	1.06144	2.35411	1.07293	2.35411	1.08486	2.35411	1.09717	2.35411	1.10992	2.35411	1.13153	2.35411	1.14660	2.35411	1.16090	2.35411	1.17415	2.35411	1.18618	
2.36736	1.02359	2.36736	1.04157	2.36736	1.06028	2.36736	1.07929	2.36736	1.09820	2.36736	1.13806	2.36736	1.16009	2.36736	1.18305	2.36736	1.20556	2.36736	1.22636	
2.38021	0.97601	2.38021	1.00713	2.38021	1.03967	2.38021	1.07025	2.38021	1.09641	2.38021	1.13751	2.38021	1.15286	2.38021	1.16939	2.38021	1.18683	2.38021	1.20459	
2.39270	1.07913	2.39270	1.09039	2.39270	1.10269	2.39270	1.11604	2.39270	1.13048	2.39270	1.13451	2.39270	1.15129	2.39270	1.16677	2.39270	1.18074	2.39270	1.19312	
2.40483	1.09595	2.40483	1.10578	2.40483	1.11774	2.40483	1.13232	2.40483	1.14988	2.40483	1.13506	2.40483	1.14953	2.40483	1.16193	2.40483	1.17273	2.40483	1.18221	
2.41830	1.09115	2.41830	1.10163	2.41830	1.11397	2.41830	1.12854	2.41830	1.14561	2.41830	1.16269	2.41830	1.18036	2.41830	1.19872	2.41830	1.21722	2.41830	1.23521	
2.43136	1.07204	2.43136	1.08240	2.43136	1.09385	2.43136	1.10631	2.43136	1.11954	2.43136	1.19298	2.43136	1.21628	2.43136	1.23860	2.43136	1.25872	2.43136	1.27613	
2.44404	1.11053	2.44404	1.11969	2.44404	1.12954	2.44404	1.13993	2.44404	1.15070	2.44404	1.18668	2.44404	1.20895	2.44404	1.23057	2.44404	1.25033	2.44404	1.26762	
2.45637	1.10970	2.45637	1.11963	2.45637	1.13061	2.45637	1.14262	2.45637	1.15556	2.45637	1.14665	2.45637	1.15958	2.45637	1.17156	2.45637	1.18238	2.45637	1.19197	
2.46982	1.11691	2.46982	1.12596	2.46982	1.13611	2.46982	1.14741	2.46982	1.15980	2.46982	1.17248	2.46982	1.18305	2.46982	1.19315	2.46982	1.20266	2.46982	1.21152	
2.48144	1.13649	2.48144	1.15122	2.48144	1.16729	2.48144	1.18412	2.48144	1.20101	2.48144	1.18380	2.48144	1.19879	2.48144	1.21407	2.48144	1.22933	2.48144	1.24418	
2.49554	1.14181	2.49554	1.15146	2.49554	1.16276	2.49554	1.17616	2.49554	1.19210	2.49554	1.18713	2.49554	1.20139	2.49554	1.21548	2.49554	1.22899	2.49554	1.24163	
2.50786	1.12480	2.50786	1.13523	2.50786	1.14744	2.50786	1.16171	2.50786	1.17823	2.50786	1.23229	2.50786	1.24593	2.50786	1.25808	2.50786	1.26883	2.50786	1.27827	
2.52114	1.14912	2.52114	1.15586	2.52114	1.16324	2.52114	1.17130	2.52114	1.18006	2.52114	1.23206	2.52114	1.25478	2.52114	1.27744	2.52114	1.29857	2.52114	1.31728	
2.53403	1.12352	2.53403	1.12983	2.53403	1.13699	2.53403	1.14507	2.53403	1.15406	2.53403	1.21733	2.53403	1.23856	2.53403	1.25952	2.53403	1.27924	2.53403	1.29712	
2.54654	1.11710	2.54654	1.12654	2.54654	1.13791	2.54654	1.15165	2.54654	1.16822	2.54654	1.19943	2.54654	1.20974	2.54654	1.22014	2.54654	1.23033	2.54654	1.24005	
2.55871	1.15384	2.55871	1.16180	2.55871	1.17136	2.55871	1.18269	2.55871	1.19576	2.55871	1.17441	2.55871	1.18531	2.55871	1.19628	2.55871	1.20697	2.55871	1.21713	
2.57171	1.14100	2.57171	1.15541	2.57171	1.17137	2.57171	1.18858	2.57171	1.20646	2.57171	1.21058	2.57171	1.23545	2.57171	1.26103	2.57171	1.28563	2.57171	1.30798	
2.58433	1.20353	2.58433	1.21103	2.58433	1.21935	2.58433	1.22844	2.58433	1.23815	2.58433	1.22552	2.58433	1.24068	2.58433	1.25494	2.58433	1.26777	2.58433	1.27895	
2.59770	1.20030	2.59770	1.20790	2.59770	1.21654	2.59770	1.22632	2.59770	1.23727	2.59770	1.24088	2.59770	1.25594	2.59770	1.26902	2.59770	1.28012	2.59770	1.28941	
2.61066	1.17643	2.61066	1.18607	2.61066	1.19784	2.61066	1.21223	2.61066	1.22972	2.61066	1.25853	2.61066	1.26859	2.61066	1.27819	2.61066	1.28711	2.61066	1.29525	
2.62325	1.15764	2.62325	1.16774	2.62325	1.18014	2.62325	1.19568	2.62325	1.21541	2.62325	1.26216	2.62325	1.27549	2.62325	1.28882	2.62325	1.30171	2.62325	1.31380	
2.63649	1.16134	2.63649	1.16938	2.63649	1.17931	2.63649	1.19174	2.63649	1.20738	2.63649	1.27404	2.63649	1.29916	2.63649	1.32407	2.63649	1.34717	2.63649	1.36754	
2.64933	1.19894	2.64933	1.20764	2.64933	1.21834	2.64933	1.23149	2.64933	1.24743	2.64933	1.27084	2.64933	1.30521	2.64933	1.34008	2.64933	1.37198	2.64933	1.39908	
2.66181	1.20826	2.66181	1.21574	2.66181	1.22470	2.66181	1.23549	2.66181	1.24846	2.66181	1.25015	2.66181	1.27636	2.66181	1.30341	2.66181	1.32907	2.66181	1.35182	
2.67486	1.21922	2.67486	1.22733	2.67486	1.23620	2.67486	1.24576	2.67486	1.25586	2.67486	1.28691	2.67486	1.30849	2.67486	1.32932	2.67486	1.34824	2.67486	1.36470	
2.68753	1.23928	2.68753	1.24643	2.68753	1.25430	2.68753	1.26278	2.68753	1.27168	2.68753	1.28117	2.68753	1.29992	2.68753	1.31888	2.68753	1.33690	2.68753	1.35320	
2.70070	1.23469	2.70070	1.24208	2.70070	1.25068	2.70070	1.26061	2.70070	1.27197	2.70070	1.27668	2.70070	1.28683	2.70070	1.29646	2.70070	1.30538	2.70070	1.31352	
2.71349	1.22135	2.71349	1.23304	2.71349	1.24669	2.71349	1.26218	2.71349	1.27905	2.71349	1.28968	2.71349	1.29826	2.71349	1.30627	2.71349	1.31360	2.71349	1.32023	
2.72591	1.23717	2.72591	1.24712	2.72591	1.25836	2.72591	1.27081	2.72591	1.28426	2.72591	1.29874	2.72591	1.31358	2.72591	1.32871	2.72591	1.34353	2.72591	1.35749	
2.73878	1.26241	2.73878	1.27360	2.73878	1.28617	2.73878	1.30006	2.73878	1.31507	2.73878	1.31334	2.73878	1.32893	2.73878	1.34277	2.73878	1.35475	2.73878	1.36503	
2.75128	1.25651	2.75128	1.26256	2.75128	1.27037	2.75128	1.28088	2.75128	1.29549	2.75128	1.31222	2.75128	1.32555	2.75128	1.33779	2.75128	1.34868	2.75128	1.35817	
2.76418	1.24758	2.76418	1.25521	2.76418	1.26426	2.76418	1.27545	2.76418	1.28980	2.76418	1.34703	2.76418	1.36309	2.76418	1.37858	2.76418	1.39313	2.76418	1.40645	
2.77743	1.28786	2.77743	1.29306	2.77743	1.29956	2.77743	1.30782	2.77743	1.31841	2.77743	1.34339	2.77743	1.37676	2.77743	1.41194	2.77743	1.44422	2.77743	1.47112	
2.79029	1.29445	2.79029	1.29984	2.79029	1.30655	2.79029	1.31490	2.79029	1.32520	2.79029	1.33239	2.79029	1.36074	2.79029	1.39086	2.79029	1.41932	2.79029	1.44389	
2.80277	1.29227	2.80277	1.29869	2.80277	1.30651	2.80277	1.31595	2.80277	1.32709	2.80277	1.34845	2.80277	1.36773	2.80277	1.38848	2.80277	1.40901	2.80277	1.42787	
2.81558	1.27068	2.81558	1.27909	2.81558	1.28855	2.81558	1.29903	2.81558	1.31039	2.81558	1.35209	2.81558	1.36799	2.81558	1.38440	2.81558	1.40029	2.81558	1.41487	
2.82866	1.32532	2.82866	1.33200	2.82866	1.33902	2.82866	1.34627	2.82866	1.35362	2.82866	1.35349	2.82866	1.36757	2.82866	1.38120	2.82866	1.39377	2.82866	1.40494	
2.84136	1.30730	2.84136	1.31371	2.84136	1.32040	2.84136	1.32726	2.84136	1.33417	2.84136	1.33450	2.84136	1.34641	2.84136	1.35770	2.84136	1.36808	2.84136	1.37742	
2.85431	1.35065	2.85431	1.35134	2.85431	1.35202	2.85431	1.35271	2.85431	1.35341	2.85431	1.36803	2.85431	1.37485	2.85431	1.38129	2.85431	1.38731	2.85431	1.39288	
2.86688	1.34460	2.86688	1.34646	2.86688	1.34856	2.86688	1.35091	2.86688	1.35352	2.86688	1.34759	2.86688	1.35388	2.86688	1.35978	2.86688	1.36524	2.86688	1.37024	
2.88024	1.34475	2.88024	1.34793	2.88024	1.35168	2.88024	1.35607	2.88024	1.36118	2.88024	1.35480	2.88024	1.35549	2.88024	1.35618	2.88024	1.35686	2.88024	1.35754	
2.89265	1.38469	2.89265	1.39018	2.89265	1.39637	2.89265	1.40320	2.89265	1.41055	2.89265	1.35952	2.89265	1.36288	2.89265	1.36644	2.89265	1.37014	2.89265	1.37393	
2.90580	1.37744	2.90580	1.38285	2.90580	1.38898	2.90580	1.39584	2.90580	1.40333	2.90580	1.37362	2.90580	1.38081	2.90580	1.38842	2.90580	1.39620	2.90580	1.40387	
2.91855	1.38032	2.91855	1.38666	2.91855	1.39390	2.91855	1.40197	2.91855	1.41069	2.91855	1.42603	2.91855	1.43365	2.91855	1.44089	2.91855	1.44757	2.91855	1.45362	
2.93146	1.36069	2.93146	1.36792	2.93146	1.37637	2.93146	1.38611	2.93146	1.39705	2.93146	1.41955	2.93146	1.42778	2.93146	1.43576	2.93146	1.44328	2.93146	1.45020	
2.94399	1.35555	2.94399	1.36213	2.94399	1.36985	2.94399	1.37882	2.94399	1.38906	2.94399	1.42887	2.94399	1.43759	2.94399	1.44566	2.94399	1.45289	2.94399	1.45922	
2.95713	1.39061	2.95713	1.39511	2.95713	1.40035	2.95713	1.40648	2.95713	1.41357	2.95713	1.42136	2.95713	1.43372	2.95713	1.44552	2.95713	1.45636	2.95713	1.46606	
2.96988	1.40260	2.96988	1.41077	2.96988	1.42014	2.96988	1.43070	2.96988	1.44228	2.96988	1.41259	2.96988	1.42507	2.96988	1.43731	2.96988	1.44882	2.96988	1.45930	
2.98272	1.40750	2.98272	1.41735	2.98272	1.42845	2.98272	1.44060	2.98272	1.45334	2.98272	1.43074	2.98272	1.44051	2.98272	1.45065	2.98272	1.46074	2.98272	1.47040	
2.99564	1.42379	2.99564	1.43473	2.99564	1.44705	2.99564	1.46036	2.99564	1.47399	2.99564	1.46707	2.99564	1.47926	2.99564	1.49068	2.99564	1.50101	2.99564	1.51013	
3.00817	1.43890	3.00817	1.44723	3.00817	1.45630	3.00817	1.46588	3.00817	1.47565	3.00817	1.47832	3.00817	1.48953	3.00817	1.49949	3.00817	1.50815	3.00817	1.51560	
3.02119	1.45740	3.02119	1.46404	3.02119	1.47112	3.02119	1.47848	3.02119	1.48591	3.02119	1.49924	3.02119	1.50980	3.02119	1.51873	3.02119	1.52616	3.02119	1.53230	
3.03423	1.48306	3.03423	1.48866	3.03423	1.49445	3.03423	1.50028	3.03423	1.50600	3.03423	1.49428	3.03423	1.50255	3.03423	1.50993	3.03423	1.51640	3.03423	1.52201	
3.04689	1.49043	3.04689	1.49930	3.04689	1.50933	3.04689	1.52041	3.04689	1.53227	3.04689	1.50016	3.04689	1.50663	3.04689	1.51254	3.04689	1.51784	3.04689	1.52256	
3.05956	1.48539	3.05956	1.49567	3.05956	1.50841	3.05956	1.52412	3.05956	1.54311	3.05956	1.51657	3.05956	1.52123	3.05956	1.52540	3.05956	1.52909	3.05956	1.53233	
3.07262	1.48605	3.07262	1.49540	3.07262	1.50694	3.07262	1.52111	3.07262	1.53817	3.07262	1.55653	3.07262	1.56796	3.07262	1.57842	3.07262	1.58776	3.07262	1.59594	
3.08529	1.45456	3.08529	1.45686	3.08529	1.45926	3.08529	1.46174	3.08529	1.46428	3.08529	1.58846	3.08529	1.61152	3.08529	1.63238	3.08529	1.65012	3.08529	1.66464	
3.09830	1.46098	3.09830	1.46264	3.09830	1.46434	3.09830	1.46608	3.09830	1.46786	3.09830	1.57905	3.09830	1.60016	3.09830	1.61959	3.09830	1.63639	3.09830	1.65034	
3.11093	1.45992	3.11093	1.46135	3.11093	1.46282	3.11093	1.46432	3.11093	1.46585	3.11093	1.46943	3.11093	1.47197	3.11093	1.47445	3.11093	1.47685	3.11093	1.47915	
3.12385	1.46283	3.12385	1.46414	3.12385	1.46549	3.12385	1.46686	3.12385	1.46824	3.12385	1.47143	3.12385	1.47321	3.12385	1.47495	3.12385	1.47666	3.12385	1.47831	
3.13672	1.47611	3.13672	1.47713	3.13672	1.47817	3.13672	1.47922	3.13672	1.48028	3.13672	1.46891	3.13672	1.47043	3.13672	1.47193	3.13672	1.47340	3.13672	1.47484	
3.14953	1.46677	3.14953	1.46711	3.14953	1.46746	3.14953	1.46781	3.14953	1.46815	3.14953	1.47103	3.14953	1.47242	3.14953	1.47379	3.14953	1.47514	3.14953	1.47645	
3.16256	1.47879	3.16256	1.47915	3.16256	1.47952	3.16256	1.47988	3.16256	1.48025	3.16256	1.48242	3.16256	1.48348	3.16256	1.48453	3.16256	1.48557	3.16256	1.48659	
3.17522	1.54268	3.17522	1.54370	3.17522	1.54474	3.17522	1.54580	3.17522	1.54686	3.17522	1.46885	3.17522	1.46920	3.17522	1.46955	3.17522	1.46989	3.17522	1.47023	
3.18808	1.55508	3.18808	1.55585	3.18808	1.55664	3.18808	1.55743	3.18808	1.55822	3.18808	1.48098	3.18808	1.48135	3.18808	1.48171	3.18808	1.48208	3.18808	1.48244	
3.20085	1.56083	3.20085	1.56112	3.20085	1.56141	3.20085	1.56170	3.20085	1.56200	3.20085	1.54901	3.20085	1.55008	3.20085	1.55113	3.20085	1.55218	3.20085	1.55320	
3.21378	1.55952	3.21378	1.55977	3.21378	1.56002	3.21378	1.56028	3.21378	1.56053	3.21378	1.55982	3.21378	1.56062	3.21378	1.56141	3.21378	1.56219	3.21378	1.56296	
3.22660	1.57877	3.22660	1.58068	3.22660	1.58265	3.22660	1.58468	3.22660	1.58675	3.22660	1.56258	3.22660	1.56288	3.22660	1.56317	3.22660	1.56346	3.22660	1.56375	
3.23955	1.59573	3.23955	1.60350	3.23955	1.61270	3.23955	1.62331	3.23955	1.63509	3.23955	1.56104	3.23955	1.56129	3.23955	1.56155	3.23955	1.56180	3.23955	1.56205	
3.25237	1.59427	3.25237	1.60501	3.25237	1.61892	3.25237	1.63650	3.25237	1.65763	3.25237	1.59092	3.25237	1.59299	3.25237	1.59502	3.25237	1.59699	3.25237	1.59889	
3.26505	1.53273	3.26505	1.53273	3.26505	1.53273	3.26505	1.53273	3.26505	1.53273	3.26505	1.66002	3.26505	1.67181	3.26505	1.68242	3.26505	1.69161	3.26505	1.69938	
3.27807	1.53410	3.27807	1.53410	3.27807	1.53410	3.27807	1.53410	3.27807	1.53410	3.27807	1.70444	3.27807	1.72557	3.27807	1.74315	3.27807	1.75706	3.27807	1.76781	
3.29070	1.53991	3.29070	1.53991	3.29070	1.53991	3.29070	1.53991	3.29070	1.53991	3.29070	1.53273	3.29070	1.53273	3.29070	1.53273	3.29070	1.53273	3.29070	1.53273	
3.30363	1.54789	3.30363	1.54789	3.30363	1.54789	3.30363	1.54789	3.30363	1.54789	3.30363	1.53410	3.30363	1.53410	3.30363	1.53410	3.30363	1.53410	3.30363	1.53410	
3.31639	1.56537	3.31639	1.56537	3.31639	1.56537	3.31639	1.56537	3.31639	1.56537	3.31639	1.53991	3.31639	1.53991	3.31639	1.53991	3.31639	1.53991	3.31639	1.53991	
3.32940	1.57320	3.32940	1.57320	3.32940	1.57320	3.32940	1.57320	3.32940	1.57320	3.32940	1.54789	3.32940	1.54789	3.32940	1.54789	3.32940	1.54789	3.32940	1.54789	
3.34223	1.57397	3.34223	1.57397	3.34223	1.57397	3.34223	1.57397	3.34223	1.57397	3.34223	1.56537	3.34223	1.56537	3.34223	1.56537	3.34223	1.56537	3.34223	1.56537	
3.35507	1.57185	3.35507	1.57185	3.35507	1.57185	3.35507	1.57185	3.35507	1.57185	3.35507	1.57320	3.35507	1.57320	3.35507	1.57320	3.35507	1.57320	3.35507	1.57320	
3.36791	1.57014	3.36791	1.57014	3.36791	1.57014	3.36791	1.57014	3.36791	1.57014	3.36791	1.57397	3.36791	1.57397	3.36791	1.57397	3.36791	1.57397	3.36791	1.57397	
3.38057	1.57574	3.38057	1.57574	3.38057	1.57574	3.38057	1.57574	3.38057	1.57574	3.38057	1.57185	3.38057	1.57185	3.38057	1.57185	3.38057	1.57185	3.38057	1.57185	
3.39358	1.58826	3.39358	1.58826	3.39358	1.58826	3.39358	1.58826	3.39358	1.58826	3.39358	1.57014	3.39358	1.57014	3.39358	1.57014	3.39358	1.57014	3.39358	1.57014	
3.40637	1.60101	3.40637	1.60101	3.40637	1.60101	3.40637	1.60101	3.40637	1.60101	3.40637	1.57574	3.40637	1.57574	3.40637	1.57574	3.40637	1.57574	3.40637	1.57574	
3.41913	1.61993	3.41913	1.61993	3.41913	1.61993	3.41913	1.61993	3.41913	1.61993	3.41913	1.58826	3.41913	1.58826	3.41913	1.58826	3.41913	1.58826	3.41913	1.58826	
3.43201	1.62070	3.43201	1.62070	3.43201	1.62070	3.43201	1.62070	3.43201	1.62070	3.43201	1.60101	3.43201	1.60101	3.43201	1.60101	3.43201	1.60101	3.43201	1.60101	
3.44483	1.61501	3.44483	1.61501	3.44483	1.61501	3.44483	1.61501	3.44483	1.61501	3.44483	1.61993	3.44483	1.61993	3.44483	1.61993	3.44483	1.61993	3.44483	1.61993	
3.45773	1.61403	3.45773	1.61403	3.45773	1.61403	3.45773	1.61403	3.45773	1.61403	3.45773	1.62070	3.45773	1.62070	3.45773	1.62070	3.45773	1.62070	3.45773	1.62070	
3.47056	1.63879	3.47056	1.63879	3.47056	1.63879	3.47056	1.63879	3.47056	1.63879	3.47056	1.61501	3.47056	1.61501	3.47056	1.61501	3.47056	1.61501	3.47056	1.61501	
3.48330	1.67148	3.48330	1.67148	3.48330	1.67148	3.48330	1.67148	3.48330	1.67148	3.48330	1.61403	3.48330	1.61403	3.48330	1.61403	3.48330	1.61403	3.48330	1.61403	
3.49624	1.67768	3.49624	1.67768	3.49624	1.67768	3.49624	1.67768	3.49624	1.67768	3.49624	1.63879	3.49624	1.63879	3.49624	1.63879	3.49624	1.63879	3.49624	1.63879	
3.50907	1.68458	3.50907	1.68458	3.50907	1.68458	3.50907	1.68458	3.50907	1.68458	3.50907	1.67148	3.50907	1.67148	3.50907	1.67148	3.50907	1.67148	3.50907	1.67148	
3.52192	1.68023	3.52192	1.68023	3.52192	1.68023	3.52192	1.68023	3.52192	1.68023	3.52192	1.67768	3.52192	1.67768	3.52192	1.67768	3.52192	1.67768	3.52192	1.67768	
3.53466	1.69048	3.53466	1.69048	3.53466	1.69048	3.53466	1.69048	3.53466	1.69048	3.53466	1.68458	3.53466	1.68458	3.53466	1.68458	3.53466	1.68458	3.53466	1.68458	
3.54753	1.73107	3.54753	1.73107	3.54753	1.73107	3.54753	1.73107	3.54753	1.73107	3.54753	1.68023	3.54753	1.68023	3.54753	1.68023	3.54753	1.68023	3.54753	1.68023	
3.56038	-5.00000	3.56038	-5.00000	3.56038	-5.00000	3.56038	-5.00000	3.56038	-5.00000	3.56038	1.69048	3.56038	1.69048	3.56038	1.69048	3.56038	1.69048	3.56038	1.69048	
3.57322	-5.00000	3.57322	-5.00000	3.57322	-5.00000	3.57322	-5.00000	3.57322	-5.00000	3.57322	1.73107	3.57322	1.73107	3.57322	1.73107	3.57322	1.73107	3.57322	1.73107	
