# MesswertTabelle
#
# M e s s w e r t t a b e l l e  der Reihen:
#
# q=-5.0 [20,20] Werte
# q=-4.0 [20,20] Werte
# q=-3.0 [20,20] Werte
# q=-2.0 [20,20] Werte
# q=-1.0 [20,20] Werte
# q=1.0 [20,20] Werte
# q=2.0 [20,20] Werte
# q=3.0 [20,20] Werte
# q=4.0 [20,20] Werte
# q=5.0 [20,20] Werte
#
#
#x	y	x	y	x	y	x	y	x	y	x	y	x	y	x	y	x	y	x	y	
1.37500	0.76031	1.37500	0.73961	1.37500	0.71681	1.37500	0.69121	1.37500	0.66079	1.37500	0.57341	1.37500	0.51647	1.37500	0.46082	1.37500	0.41595	1.37500	0.38509	
1.47500	0.69321	1.47500	0.67806	1.47500	0.66143	1.47500	0.64237	1.47500	0.61882	1.47500	0.54753	1.47500	0.49892	1.47500	0.44852	1.47500	0.40417	1.47500	0.37002	
1.57500	0.62619	1.57500	0.62110	1.57500	0.61300	1.57500	0.60056	1.57500	0.58207	1.57500	0.51918	1.57500	0.47400	1.57500	0.42464	1.57500	0.37766	1.57500	0.33778	
1.67500	0.60012	1.67500	0.59589	1.67500	0.58895	1.67500	0.57790	1.67500	0.56103	1.67500	0.50239	1.67500	0.45913	1.67500	0.40979	1.67500	0.35982	1.67500	0.31421	
1.77500	0.56394	1.77500	0.56132	1.77500	0.55677	1.77500	0.54863	1.77500	0.53496	1.77500	0.48425	1.77500	0.44609	1.77500	0.40156	1.77500	0.35457	1.77500	0.30949	
1.87500	0.53006	1.87500	0.53505	1.87500	0.53788	1.87500	0.53566	1.87500	0.52594	1.87500	0.48018	1.87500	0.44561	1.87500	0.40610	1.87500	0.36465	1.87500	0.32416	
1.97500	0.55595	1.97500	0.55129	1.97500	0.54483	1.97500	0.53479	1.97500	0.51964	1.97500	0.47184	1.97500	0.44026	1.97500	0.40548	1.97500	0.36953	1.97500	0.33453	
2.07500	0.53400	2.07500	0.52614	2.07500	0.51767	2.07500	0.50756	2.07500	0.49494	2.07500	0.46166	2.07500	0.44176	2.07500	0.42053	2.07500	0.39882	2.07500	0.37762	
2.17500	0.53809	2.17500	0.52551	2.17500	0.51264	2.17500	0.49946	2.17500	0.48597	2.17500	0.45843	2.17500	0.44479	2.17500	0.43161	2.17500	0.41930	2.17500	0.40815	
2.27500	0.52752	2.27500	0.50939	2.27500	0.49207	2.27500	0.47676	2.27500	0.46438	2.27500	0.44982	2.27500	0.44690	2.27500	0.44558	2.27500	0.44483	2.27500	0.44402	
2.37500	0.52401	2.37500	0.50481	2.37500	0.48648	2.37500	0.47075	2.37500	0.45901	2.37500	0.44916	2.37500	0.44978	2.37500	0.45224	2.37500	0.45511	2.37500	0.45749	
2.47500	0.51577	2.47500	0.49640	2.47500	0.47825	2.47500	0.46359	2.47500	0.45435	2.47500	0.45448	2.47500	0.46214	2.47500	0.47195	2.47500	0.48151	2.47500	0.48937	
2.57500	0.54068	2.57500	0.52387	2.57500	0.50739	2.57500	0.49268	2.57500	0.48076	2.57500	0.46586	2.57500	0.46186	2.57500	0.45879	2.57500	0.45564	2.57500	0.45188	
2.67500	0.56675	2.67500	0.55600	2.67500	0.54494	2.67500	0.53390	2.67500	0.52305	2.67500	0.50158	2.67500	0.49077	2.67500	0.47991	2.67500	0.46916	2.67500	0.45876	
2.77500	0.60105	2.77500	0.59061	2.77500	0.57901	2.77500	0.56648	2.77500	0.55309	2.77500	0.52311	2.77500	0.50661	2.77500	0.48988	2.77500	0.47375	2.77500	0.45888	
2.87500	0.60695	2.87500	0.59582	2.87500	0.58273	2.87500	0.56734	2.87500	0.54931	2.87500	0.50486	2.87500	0.47949	2.87500	0.45388	2.87500	0.42969	2.87500	0.40801	
2.97500	0.58954	2.97500	0.57885	2.97500	0.56634	2.97500	0.55159	2.97500	0.53411	2.97500	0.48927	2.97500	0.46258	2.97500	0.43513	2.97500	0.40900	2.97500	0.38555	
3.07500	0.53746	3.07500	0.52535	3.07500	0.51153	3.07500	0.49585	3.07500	0.47815	3.07500	0.43650	3.07500	0.41325	3.07500	0.38988	3.07500	0.36780	3.07500	0.34795	
3.17500	0.49925	3.17500	0.48828	3.17500	0.47579	3.17500	0.46171	3.17500	0.44607	3.17500	0.41099	3.17500	0.39253	3.17500	0.37439	3.17500	0.35730	3.17500	0.34175	
3.27500	0.47767	3.27500	0.46463	3.27500	0.44979	3.27500	0.43321	3.27500	0.41511	3.27500	0.37635	3.27500	0.35713	3.27500	0.33899	3.27500	0.32239	3.27500	0.30754	
