# MesswertTabelle
#
# M e s s w e r t t a b e l l e  der Reihen:
#
# q=-5.0 [20,20] Werte
# q=-4.0 [20,20] Werte
# q=-3.0 [20,20] Werte
# q=-2.0 [20,20] Werte
# q=-1.0 [20,20] Werte
# q=1.0 [20,20] Werte
# q=2.0 [20,20] Werte
# q=3.0 [20,20] Werte
# q=4.0 [20,20] Werte
# q=5.0 [20,20] Werte
#
#
#x	y	x	y	x	y	x	y	x	y	x	y	x	y	x	y	x	y	x	y	
1,37500	0,57209	1,37500	0,54711	1,37500	0,53214	1,37500	0,52424	1,37500	0,52040	1,37500	0,51906	1,37500	0,52033	1,37500	0,52249	1,37500	0,52534	1,37500	0,52870	
1,47500	0,51085	1,47500	0,50707	1,47500	0,50517	1,47500	0,50464	1,47500	0,50517	1,47500	0,50867	1,47500	0,51142	1,47500	0,51470	1,47500	0,51842	1,47500	0,52248	
1,57500	0,49516	1,57500	0,49499	1,57500	0,49547	1,57500	0,49651	1,57500	0,49805	1,57500	0,50254	1,57500	0,50546	1,57500	0,50880	1,57500	0,51252	1,57500	0,51654	
1,67500	0,48570	1,67500	0,48728	1,67500	0,48905	1,67500	0,49100	1,67500	0,49316	1,67500	0,49818	1,67500	0,50105	1,67500	0,50412	1,67500	0,50735	1,67500	0,51064	
1,77500	0,48329	1,77500	0,48458	1,77500	0,48604	1,77500	0,48769	1,77500	0,48954	1,77500	0,49394	1,77500	0,49653	1,77500	0,49935	1,77500	0,50237	1,77500	0,50549	
1,87500	0,48041	1,87500	0,48172	1,87500	0,48316	1,87500	0,48472	1,87500	0,48642	1,87500	0,49030	1,87500	0,49251	1,87500	0,49489	1,87500	0,49740	1,87500	0,49995	
1,97500	0,47952	1,97500	0,48054	1,97500	0,48170	1,97500	0,48298	1,97500	0,48440	1,97500	0,48760	1,97500	0,48935	1,97500	0,49113	1,97500	0,49287	1,97500	0,49444	
2,07500	0,48013	2,07500	0,48097	2,07500	0,48197	2,07500	0,48307	2,07500	0,48421	2,07500	0,48617	2,07500	0,48675	2,07500	0,48688	2,07500	0,48646	2,07500	0,48542	
2,17500	0,48047	2,17500	0,48126	2,17500	0,48224	2,17500	0,48332	2,17500	0,48442	2,17500	0,48632	2,17500	0,48696	2,17500	0,48733	2,17500	0,48735	2,17500	0,48700	
2,27500	0,47982	2,27500	0,48123	2,27500	0,48239	2,27500	0,48327	2,27500	0,48384	2,27500	0,48389	2,27500	0,48331	2,27500	0,48232	2,27500	0,48091	2,27500	0,47909	
2,37500	0,48430	2,37500	0,48501	2,37500	0,48552	2,37500	0,48577	2,37500	0,48575	2,37500	0,48479	2,37500	0,48385	2,37500	0,48262	2,37500	0,48111	2,37500	0,47931	
2,47500	0,48477	2,47500	0,48448	2,47500	0,48428	2,47500	0,48418	2,47500	0,48416	2,47500	0,48414	2,47500	0,48393	2,47500	0,48340	2,47500	0,48240	2,47500	0,48082	
2,57500	0,48158	2,57500	0,48177	2,57500	0,48211	2,57500	0,48258	2,57500	0,48311	2,57500	0,48410	2,57500	0,48445	2,57500	0,48465	2,57500	0,48469	2,57500	0,48452	
2,67500	0,47288	2,67500	0,47432	2,67500	0,47600	2,67500	0,47782	2,67500	0,47971	2,67500	0,48333	2,67500	0,48493	2,67500	0,48633	2,67500	0,48746	2,67500	0,48817	
2,77500	0,46589	2,77500	0,46830	2,77500	0,47064	2,77500	0,47288	2,77500	0,47507	2,77500	0,47985	2,77500	0,48280	2,77500	0,48626	2,77500	0,49014	2,77500	0,49409	
2,87500	0,46187	2,87500	0,46347	2,87500	0,46526	2,87500	0,46726	2,87500	0,46962	2,87500	0,47649	2,87500	0,48157	2,87500	0,48788	2,87500	0,49513	2,87500	0,50263	
2,97500	0,46265	2,97500	0,46324	2,97500	0,46431	2,97500	0,46601	2,97500	0,46852	2,97500	0,47684	2,97500	0,48285	2,97500	0,48983	2,97500	0,49725	2,97500	0,50437	
3,07500	0,46916	3,07500	0,46834	3,07500	0,46804	3,07500	0,46854	3,07500	0,47011	3,07500	0,47700	3,07500	0,48203	3,07500	0,48748	3,07500	0,49267	3,07500	0,49697	
3,17500	0,47337	3,17500	0,47104	3,17500	0,46943	3,17500	0,46869	3,17500	0,46888	3,17500	0,47157	3,17500	0,47339	3,17500	0,47491	3,17500	0,47571	3,17500	0,47561	
3,27500	0,47575	3,27500	0,47077	3,27500	0,46661	3,27500	0,46336	3,27500	0,46098	3,27500	0,45772	3,27500	0,45590	3,27500	0,45325	3,27500	0,44948	3,27500	0,44464	
