# MesswertTabelle
#
# M e s s w e r t t a b e l l e  der Reihen:
#
# q=-5.0 [20,20] Werte
# q=-4.0 [20,20] Werte
# q=-3.0 [20,20] Werte
# q=-2.0 [20,20] Werte
# q=-1.0 [20,20] Werte
# q=1.0 [20,20] Werte
# q=2.0 [20,20] Werte
# q=3.0 [20,20] Werte
# q=4.0 [20,20] Werte
# q=5.0 [20,20] Werte
#
#
#x	y	x	y	x	y	x	y	x	y	x	y	x	y	x	y	x	y	x	y	
1,37500	1,40296	1,37500	1,41605	1,37500	1,43088	1,37500	1,44603	1,37500	1,46066	1,37500	1,48487	1,37500	1,49350	1,37500	1,50023	1,37500	1,50581	1,37500	1,51084	
1,47500	1,41319	1,47500	1,43133	1,47500	1,44852	1,47500	1,46368	1,47500	1,47666	1,47500	1,49575	1,47500	1,50183	1,47500	1,50610	1,47500	1,50919	1,47500	1,51161	
1,57500	1,46127	1,57500	1,46982	1,57500	1,47767	1,57500	1,48439	1,57500	1,49018	1,57500	1,49993	1,57500	1,50389	1,57500	1,50714	1,57500	1,50968	1,57500	1,51157	
1,67500	1,49852	1,67500	1,49604	1,67500	1,49444	1,67500	1,49382	1,67500	1,49437	1,67500	1,49898	1,67500	1,50249	1,67500	1,50618	1,67500	1,50966	1,67500	1,51264	
1,77500	1,51811	1,77500	1,50678	1,77500	1,49760	1,77500	1,49105	1,77500	1,48719	1,77500	1,48680	1,77500	1,48929	1,77500	1,49242	1,77500	1,49522	1,77500	1,49701	
1,87500	1,52098	1,87500	1,50790	1,87500	1,49683	1,87500	1,48851	1,87500	1,48313	1,87500	1,48144	1,87500	1,48442	1,87500	1,48856	1,87500	1,49254	1,87500	1,49536	
1,97500	1,53077	1,97500	1,51322	1,97500	1,49876	1,97500	1,48836	1,97500	1,48214	1,97500	1,48119	1,97500	1,48509	1,97500	1,49031	1,97500	1,49565	1,97500	1,50029	
2,07500	1,52364	2,07500	1,51121	2,07500	1,50153	2,07500	1,49478	2,07500	1,49034	2,07500	1,48657	2,07500	1,48677	2,07500	1,48799	2,07500	1,48991	2,07500	1,49217	
2,17500	1,48544	2,17500	1,48741	2,17500	1,49008	2,17500	1,49221	2,17500	1,49323	2,17500	1,49167	2,17500	1,48925	2,17500	1,48622	2,17500	1,48312	2,17500	1,48030	
2,27500	1,48193	2,27500	1,48912	2,27500	1,49704	2,27500	1,50292	2,27500	1,50529	2,27500	1,50113	2,27500	1,49617	2,27500	1,49034	2,27500	1,48435	2,27500	1,47864	
2,37500	1,50627	2,37500	1,51201	2,37500	1,51665	2,37500	1,51783	2,37500	1,51491	2,37500	1,50179	2,37500	1,49391	2,37500	1,48581	2,37500	1,47767	2,37500	1,46965	
2,47500	1,51705	2,47500	1,51566	2,47500	1,51449	2,47500	1,51275	2,47500	1,51041	2,47500	1,50535	2,47500	1,50176	2,47500	1,49637	2,47500	1,48898	2,47500	1,48002	
2,57500	1,48657	2,57500	1,48428	2,57500	1,48436	2,57500	1,48735	2,57500	1,49318	2,57500	1,50753	2,57500	1,51126	2,57500	1,51076	2,57500	1,50628	2,57500	1,49887	
2,67500	1,44189	2,67500	1,44026	2,67500	1,44390	2,67500	1,45434	2,67500	1,47088	2,67500	1,50890	2,67500	1,52306	2,67500	1,53188	2,67500	1,53562	2,67500	1,53514	
2,77500	1,41355	2,77500	1,41154	2,77500	1,41760	2,77500	1,43430	2,77500	1,46066	2,77500	1,52161	2,77500	1,54567	2,77500	1,56299	2,77500	1,57440	2,77500	1,58120	
2,87500	1,36446	2,87500	1,37004	2,87500	1,38856	2,87500	1,42166	2,87500	1,46354	2,87500	1,54004	2,87500	1,56696	2,87500	1,58679	2,87500	1,60057	2,87500	1,60934	
2,97500	1,36506	2,97500	1,37630	2,97500	1,39978	2,97500	1,43626	2,97500	1,47978	2,97500	1,55212	2,97500	1,57375	2,97500	1,58790	2,97500	1,59663	2,97500	1,60133	
3,07500	1,41240	3,07500	1,42036	3,07500	1,43897	3,07500	1,46913	3,07500	1,50500	3,07500	1,55852	3,07500	1,57134	3,07500	1,57817	3,07500	1,58132	3,07500	1,58210	
3,17500	1,47071	3,17500	1,47069	3,17500	1,47826	3,17500	1,49449	3,17500	1,51392	3,17500	1,52903	3,17500	1,52366	3,17500	1,51481	3,17500	1,50488	3,17500	1,49490	
3,27500	1,55504	3,27500	1,54361	3,27500	1,53579	3,27500	1,53306	3,27500	1,53181	3,27500	1,51246	3,27500	1,49605	3,27500	1,47916	3,27500	1,46321	3,27500	1,44873	
