# MesswertTabelle
#
# M e s s w e r t t a b e l l e  der Reihen:
#
# Random WalkRandomWalk_0 (q=-5.0) [285,285] Werte
# Random WalkRandomWalk_0 (q=-4.0) [285,285] Werte
# Random WalkRandomWalk_0 (q=-3.0) [285,285] Werte
# Random WalkRandomWalk_0 (q=-2.0) [285,285] Werte
# Random WalkRandomWalk_0 (q=-1.0) [285,285] Werte
# Random WalkRandomWalk_0 (q=1.0) [285,285] Werte
# Random WalkRandomWalk_0 (q=2.0) [285,285] Werte
# Random WalkRandomWalk_0 (q=3.0) [285,285] Werte
# Random WalkRandomWalk_0 (q=4.0) [285,285] Werte
# Random WalkRandomWalk_0 (q=5.0) [285,285] Werte
#
#
#s	F(s)	s	F(s)	s	F(s)	s	F(s)	s	F(s)	s	F(s)	s	F(s)	s	F(s)	s	F(s)	s	F(s)	
0,60206	-4,51856	0,60206	-4,31032	0,60206	-3,96740	0,60206	-3,30657	0,60206	-1,96906	0,60206	-1,12784	0,60206	-1,03972	0,60206	-0,98388	0,60206	-0,94446	0,60206	-0,91476	
0,69897	-2,44633	0,69897	-2,24659	0,69897	-1,93221	0,69897	-1,45176	0,69897	-1,09724	0,69897	-0,90378	0,69897	-0,85877	0,69897	-0,82535	0,69897	-0,79913	0,69897	-0,77780	
0,77815	-1,29798	0,77815	-1,18595	0,77815	-1,06483	0,77815	-0,95568	0,77815	-0,87429	0,77815	-0,77345	0,77815	-0,73865	0,77815	-0,70922	0,77815	-0,68359	0,77815	-0,66088	
0,84510	-1,00961	0,84510	-0,93749	0,84510	-0,86591	0,84510	-0,80344	0,84510	-0,75246	0,84510	-0,67411	0,84510	-0,64189	0,84510	-0,61284	0,84510	-0,58655	0,84510	-0,56282	
0,90309	-0,88818	0,90309	-0,82043	0,90309	-0,75840	0,90309	-0,70629	0,90309	-0,66274	0,90309	-0,59053	0,90309	-0,55905	0,90309	-0,53010	0,90309	-0,50361	0,90309	-0,47953	
0,95424	-0,77195	0,95424	-0,71593	0,95424	-0,66742	0,95424	-0,62488	0,95424	-0,58621	0,95424	-0,51615	0,95424	-0,48440	0,95424	-0,45508	0,95424	-0,42832	0,95424	-0,40410	
1,00000	-0,67874	1,00000	-0,63798	1,00000	-0,59862	1,00000	-0,56049	1,00000	-0,52330	1,00000	-0,45185	1,00000	-0,41831	1,00000	-0,38682	1,00000	-0,35764	1,00000	-0,33084	
1,04139	-0,62643	1,04139	-0,58407	1,04139	-0,54384	1,04139	-0,50553	1,04139	-0,46847	1,04139	-0,39745	1,04139	-0,36425	1,04139	-0,33324	1,04139	-0,30469	1,04139	-0,27868	
1,07918	-0,56892	1,07918	-0,52722	1,07918	-0,48857	1,07918	-0,45114	1,07918	-0,41379	1,07918	-0,33995	1,07918	-0,30512	1,07918	-0,27269	1,07918	-0,24294	1,07918	-0,21586	
1,11394	-0,50416	1,11394	-0,47266	1,11394	-0,43908	1,11394	-0,40346	1,11394	-0,36630	1,11394	-0,29117	1,11394	-0,25540	1,11394	-0,22204	1,11394	-0,19157	1,11394	-0,16411	
1,14613	-0,46750	1,14613	-0,43372	1,14613	-0,39775	1,14613	-0,36018	1,14613	-0,32175	1,14613	-0,24579	1,14613	-0,21007	1,14613	-0,17684	1,14613	-0,14651	1,14613	-0,11918	
1,17609	-0,42475	1,17609	-0,39132	1,17609	-0,35554	1,17609	-0,31782	1,17609	-0,27892	1,17609	-0,20173	1,17609	-0,16561	1,17609	-0,13220	1,17609	-0,10185	1,17609	-0,07462	
1,20412	-0,38541	1,20412	-0,35336	1,20412	-0,31823	1,20412	-0,28063	1,20412	-0,24156	1,20412	-0,16386	1,20412	-0,12741	1,20412	-0,09356	1,20412	-0,06270	1,20412	-0,03490	
1,23045	-0,35570	1,23045	-0,32246	1,23045	-0,28573	1,23045	-0,24618	1,23045	-0,20503	1,23045	-0,12405	1,23045	-0,08679	1,23045	-0,05256	1,23045	-0,02136	1,23045	0,00709	
1,25527	-0,32082	1,25527	-0,28731	1,25527	-0,25065	1,25527	-0,21137	1,25527	-0,17044	1,25527	-0,08886	1,25527	-0,05070	1,25527	-0,01527	1,25527	0,01728	1,25527	0,04709	
1,27875	-0,29026	1,27875	-0,25604	1,27875	-0,21859	1,27875	-0,17838	1,27875	-0,13638	1,27875	-0,05244	1,27875	-0,01302	1,27875	0,02368	1,27875	0,05744	1,27875	0,08831	
1,30103	-0,27075	1,30103	-0,23330	1,30103	-0,19314	1,30103	-0,15093	1,30103	-0,10769	1,30103	-0,02346	1,30103	0,01514	1,30103	0,05042	1,30103	0,08215	1,30103	0,11039	
1,32222	-0,24621	1,32222	-0,20849	1,32222	-0,16722	1,32222	-0,12359	1,32222	-0,07926	1,32222	0,00572	1,32222	0,04477	1,32222	0,08117	1,32222	0,11484	1,32222	0,14571	
1,34242	-0,20593	1,34242	-0,16881	1,34242	-0,12863	1,34242	-0,08619	1,34242	-0,04284	1,34242	0,04057	1,34242	0,07850	1,34242	0,11337	1,34242	0,14523	1,34242	0,17429	
1,36173	-0,17630	1,36173	-0,14010	1,36173	-0,10079	1,36173	-0,05884	1,36173	-0,01526	1,36173	0,07049	1,36173	0,10964	1,36173	0,14521	1,36173	0,17711	1,36173	0,20557	
1,38021	-0,14810	1,38021	-0,11165	1,38021	-0,07198	1,38021	-0,02997	1,38021	0,01302	1,38021	0,09633	1,38021	0,13476	1,38021	0,17037	1,38021	0,20293	1,38021	0,23238	
1,39794	-0,12958	1,39794	-0,09261	1,39794	-0,05176	1,39794	-0,00795	1,39794	0,03724	1,39794	0,12427	1,39794	0,16329	1,39794	0,19846	1,39794	0,22977	1,39794	0,25745	
1,41497	-0,09747	1,41497	-0,06042	1,41497	-0,02084	1,41497	0,02085	1,41497	0,06381	1,41497	0,14830	1,41497	0,18702	1,41497	0,22214	1,41497	0,25338	1,41497	0,28081	
1,43136	-0,08358	1,43136	-0,03828	1,43136	0,00618	1,43136	0,05009	1,43136	0,09337	1,43136	0,17538	1,43136	0,21263	1,43136	0,24682	1,43136	0,27789	1,43136	0,30590	
1,44716	-0,05788	1,44716	-0,01886	1,44716	0,02277	1,44716	0,06635	1,44716	0,11076	1,44716	0,19648	1,44716	0,23535	1,44716	0,27065	1,44716	0,30233	1,44716	0,33059	
1,46240	-0,03909	1,46240	-0,00040	1,46240	0,04143	1,46240	0,08571	1,46240	0,13114	1,46240	0,21854	1,46240	0,25769	1,46240	0,29301	1,46240	0,32461	1,46240	0,35281	
1,47712	-0,01080	1,47712	0,02461	1,47712	0,06425	1,47712	0,10740	1,47712	0,15260	1,47712	0,24132	1,47712	0,28153	1,47712	0,31792	1,47712	0,35053	1,47712	0,37977	
1,49136	0,00333	1,49136	0,04098	1,49136	0,08217	1,49136	0,12581	1,49136	0,17049	1,49136	0,25752	1,49136	0,29785	1,49136	0,33545	1,49136	0,37038	1,49136	0,40289	
1,50515	0,00843	1,50515	0,05250	1,50515	0,09928	1,50515	0,14760	1,50515	0,19587	1,50515	0,28586	1,50515	0,32541	1,50515	0,36085	1,50515	0,39233	1,50515	0,42019	
1,51851	0,03542	1,51851	0,07639	1,51851	0,12061	1,51851	0,16702	1,51851	0,21406	1,51851	0,30308	1,51851	0,34247	1,51851	0,37780	1,51851	0,40920	1,51851	0,43706	
1,53148	0,06208	1,53148	0,10133	1,53148	0,14317	1,53148	0,18703	1,53148	0,23216	1,53148	0,32084	1,53148	0,36096	1,53148	0,39673	1,53148	0,42800	1,53148	0,45520	
1,54407	0,06668	1,54407	0,10662	1,54407	0,15054	1,54407	0,19730	1,54407	0,24524	1,54407	0,33778	1,54407	0,37975	1,54407	0,41809	1,54407	0,45283	1,54407	0,48429	
1,55630	0,11054	1,55630	0,14801	1,55630	0,18769	1,55630	0,22924	1,55630	0,27221	1,55630	0,35860	1,55630	0,39934	1,55630	0,43703	1,55630	0,47127	1,55630	0,50208	
1,56820	0,11367	1,56820	0,15575	1,56820	0,20073	1,56820	0,24710	1,56820	0,29328	1,56820	0,38020	1,56820	0,41941	1,56820	0,45551	1,56820	0,48870	1,56820	0,51929	
1,57978	0,12788	1,57978	0,17206	1,57978	0,21760	1,57978	0,26355	1,57978	0,30933	1,57978	0,39733	1,57978	0,43752	1,57978	0,47425	1,57978	0,50748	1,57978	0,53745	
1,59106	0,15397	1,59106	0,19742	1,59106	0,24077	1,59106	0,28410	1,59106	0,32773	1,59106	0,41481	1,59106	0,45653	1,59106	0,49600	1,59106	0,53303	1,59106	0,56784	
1,61278	0,19919	1,61278	0,23432	1,61278	0,27304	1,61278	0,31487	1,61278	0,35869	1,61278	0,44524	1,61278	0,48490	1,61278	0,52127	1,61278	0,55440	1,61278	0,58457	
1,62325	0,19826	1,62325	0,23874	1,62325	0,28232	1,62325	0,32861	1,62325	0,37651	1,62325	0,46937	1,62325	0,51096	1,62325	0,54842	1,62325	0,58192	1,62325	0,61187	
1,63347	0,21324	1,63347	0,25909	1,63347	0,30514	1,63347	0,35073	1,63347	0,39549	1,63347	0,48019	1,63347	0,51898	1,63347	0,55513	1,63347	0,58877	1,63347	0,62008	
1,64345	0,16921	1,64345	0,22616	1,64345	0,28407	1,64345	0,33981	1,64345	0,39221	1,64345	0,48627	1,64345	0,52802	1,64345	0,56686	1,64345	0,60338	1,64345	0,63782	
1,66276	0,24588	1,66276	0,29019	1,66276	0,33676	1,66276	0,38441	1,66276	0,43202	1,66276	0,52279	1,66276	0,56478	1,66276	0,60457	1,66276	0,64244	1,66276	0,67837	
1,67210	0,27467	1,67210	0,31420	1,67210	0,35653	1,67210	0,40149	1,67210	0,44808	1,67210	0,53793	1,67210	0,57720	1,67210	0,61157	1,67210	0,64124	1,67210	0,66680	
1,69020	0,29981	1,69020	0,33662	1,69020	0,37854	1,69020	0,42471	1,69020	0,47292	1,69020	0,56423	1,69020	0,60408	1,69020	0,63999	1,69020	0,67265	1,69020	0,70273	
1,69897	0,30632	1,69897	0,34465	1,69897	0,38700	1,69897	0,43266	1,69897	0,48034	1,69897	0,57442	1,69897	0,61734	1,69897	0,65616	1,69897	0,69070	1,69897	0,72126	
1,71600	0,28499	1,71600	0,35211	1,71600	0,41248	1,71600	0,46557	1,71600	0,51402	1,71600	0,60067	1,71600	0,63830	1,71600	0,67189	1,71600	0,70165	1,71600	0,72798	
1,72428	0,36015	1,72428	0,39760	1,72428	0,43847	1,72428	0,48209	1,72428	0,52719	1,72428	0,61467	1,72428	0,65426	1,72428	0,69044	1,72428	0,72337	1,72428	0,75339	
1,74036	0,37356	1,74036	0,41425	1,74036	0,45807	1,74036	0,50388	1,74036	0,55028	1,74036	0,63906	1,74036	0,67913	1,74036	0,71550	1,74036	0,74808	1,74036	0,77707	
1,74819	0,39556	1,74819	0,43644	1,74819	0,47884	1,74819	0,52239	1,74819	0,56671	1,74819	0,65395	1,74819	0,69448	1,74819	0,73177	1,74819	0,76554	1,74819	0,79584	
1,76343	0,36492	1,76343	0,41683	1,76343	0,47152	1,76343	0,52613	1,76343	0,57870	1,76343	0,67373	1,76343	0,71490	1,76343	0,75165	1,76343	0,78441	1,76343	0,81375	
1,77815	0,43382	1,77815	0,47281	1,77815	0,51579	1,77815	0,56174	1,77815	0,60907	1,77815	0,70042	1,77815	0,74135	1,77815	0,77811	1,77815	0,81067	1,77815	0,83938	
1,78533	0,39788	1,78533	0,45124	1,78533	0,50681	1,78533	0,56175	1,78533	0,61427	1,78533	0,70804	1,78533	0,74812	1,78533	0,78372	1,78533	0,81529	1,78533	0,84335	
1,79934	0,44336	1,79934	0,48835	1,79934	0,53664	1,79934	0,58660	1,79934	0,63639	1,79934	0,72858	1,79934	0,76870	1,79934	0,80434	1,79934	0,83568	1,79934	0,86315	
1,81291	0,47959	1,81291	0,52031	1,81291	0,56241	1,81291	0,60612	1,81291	0,65120	1,81291	0,74065	1,81291	0,78196	1,81291	0,81963	1,81291	0,85335	1,81291	0,88327	
1,82607	0,50378	1,82607	0,54297	1,82607	0,58573	1,82607	0,63132	1,82607	0,67842	1,82607	0,77004	1,82607	0,81132	1,82607	0,84839	1,82607	0,88113	1,82607	0,90982	
1,83885	0,52520	1,83885	0,56339	1,83885	0,60475	1,83885	0,64823	1,83885	0,69250	1,83885	0,77836	1,83885	0,81805	1,83885	0,85485	1,83885	0,88855	1,83885	0,91913	
1,85126	0,54091	1,85126	0,57951	1,85126	0,62216	1,85126	0,66785	1,85126	0,71499	1,85126	0,80618	1,85126	0,84732	1,85126	0,88454	1,85126	0,91774	1,85126	0,94717	
1,86332	0,55388	1,86332	0,59268	1,86332	0,63636	1,86332	0,68369	1,86332	0,73238	1,86332	0,82331	1,86332	0,86210	1,86332	0,89576	1,86332	0,92464	1,86332	0,94935	
1,88081	0,57658	1,88081	0,61933	1,88081	0,66511	1,88081	0,71230	1,88081	0,75923	1,88081	0,84765	1,88081	0,88808	1,88081	0,92597	1,88081	0,96153	1,88081	0,99491	
1,89209	0,61277	1,89209	0,64962	1,89209	0,68964	1,89209	0,73223	1,89209	0,77648	1,89209	0,86456	1,89209	0,90560	1,89209	0,94339	1,89209	0,97766	1,89209	1,00848	
1,90309	0,65553	1,90309	0,68710	1,90309	0,72164	1,90309	0,75873	1,90309	0,79764	1,90309	0,87708	1,90309	0,91572	1,90309	0,95286	1,90309	0,98822	1,90309	1,02156	
1,91908	0,63370	1,91908	0,67353	1,91908	0,71526	1,91908	0,75866	1,91908	0,80336	1,91908	0,89260	1,91908	0,93418	1,91908	0,97222	1,91908	1,00634	1,91908	1,03667	
1,92942	0,65898	1,92942	0,70322	1,92942	0,74793	1,92942	0,79258	1,92942	0,83686	1,92942	0,92212	1,92942	0,96154	1,92942	0,99779	1,92942	1,03037	1,92942	1,05918	
1,94448	0,71250	1,94448	0,74553	1,94448	0,78173	1,94448	0,82090	1,94448	0,86272	1,94448	0,95058	1,94448	0,99351	1,94448	1,03360	1,94448	1,06994	1,94448	1,10235	
1,95424	0,69925	1,95424	0,73641	1,95424	0,77730	1,95424	0,82079	1,95424	0,86511	1,95424	0,94967	1,95424	0,98808	1,95424	1,02359	1,95424	1,05628	1,95424	1,08638	
1,96848	0,72924	1,96848	0,76372	1,96848	0,80216	1,96848	0,84395	1,96848	0,88782	1,96848	0,97450	1,96848	1,01409	1,96848	1,05004	1,96848	1,08221	1,96848	1,11075	
1,98227	0,74492	1,98227	0,78227	1,98227	0,82271	1,98227	0,86537	1,98227	0,90921	1,98227	0,99612	1,98227	1,03728	1,98227	1,07614	1,98227	1,11248	1,98227	1,14626	
1,99564	0,77418	1,99564	0,80641	1,99564	0,84247	1,99564	0,88222	1,99564	0,92487	1,99564	1,01276	1,99564	1,05488	1,99564	1,09428	1,99564	1,13038	1,99564	1,16295	
2,00860	0,79366	2,00860	0,82916	2,00860	0,86832	2,00860	0,91054	2,00860	0,95475	2,00860	1,04345	2,00860	1,08546	2,00860	1,12483	2,00860	1,16109	2,00860	1,19391	
2,02119	0,81067	2,02119	0,84390	2,02119	0,88108	2,02119	0,92220	2,02119	0,96676	2,02119	1,06034	2,02119	1,10537	2,02119	1,14720	2,02119	1,18530	2,02119	1,21969	
2,03342	0,81957	2,03342	0,85606	2,03342	0,89684	2,03342	0,94120	2,03342	0,98753	2,03342	1,07749	2,03342	1,11761	2,03342	1,15346	2,03342	1,18505	2,03342	1,21271	
2,04532	0,83349	2,04532	0,87163	2,04532	0,91258	2,04532	0,95582	2,04532	1,00063	2,04532	1,09029	2,04532	1,13248	2,04532	1,17150	2,04532	1,20674	2,04532	1,23800	
2,05690	0,87167	2,05690	0,90239	2,05690	0,93668	2,05690	0,97465	2,05690	1,01610	2,05690	1,10528	2,05690	1,14926	2,05690	1,19021	2,05690	1,22695	2,05690	1,25911	
2,07188	0,89342	2,07188	0,92265	2,07188	0,95568	2,07188	0,99241	2,07188	1,03227	2,07188	1,11625	2,07188	1,15698	2,07188	1,19481	2,07188	1,22883	2,07188	1,25872	
2,08279	0,88342	2,08279	0,91881	2,08279	0,95844	2,08279	1,00087	2,08279	1,04426	2,08279	1,12890	2,08279	1,16896	2,08279	1,20681	2,08279	1,24182	2,08279	1,27354	
2,09691	0,90926	2,09691	0,94567	2,09691	0,98526	2,09691	1,02729	2,09691	1,07068	2,09691	1,15730	2,09691	1,19891	2,09691	1,23837	2,09691	1,27477	2,09691	1,30735	
2,11059	0,92570	2,11059	0,96344	2,11059	1,00460	2,11059	1,04849	2,11059	1,09402	2,11059	1,18423	2,11059	1,22624	2,11059	1,26502	2,11059	1,30014	2,11059	1,33143	
2,12385	0,94734	2,12385	0,98632	2,12385	1,02758	2,12385	1,07107	2,12385	1,11605	2,12385	1,20297	2,12385	1,24122	2,12385	1,27503	2,12385	1,30468	2,12385	1,33072	
2,13672	0,96362	2,13672	0,99860	2,13672	1,03842	2,13672	1,08264	2,13672	1,12999	2,13672	1,22539	2,13672	1,26901	2,13672	1,30800	2,13672	1,34203	2,13672	1,37143	
2,14922	1,02064	2,14922	1,05014	2,14922	1,08282	2,14922	1,11849	2,14922	1,15664	2,14922	1,23607	2,14922	1,27423	2,14922	1,30942	2,14922	1,34088	2,14922	1,36852	
2,16137	1,00716	2,16137	1,03921	2,16137	1,07576	2,16137	1,11674	2,16137	1,16129	2,16137	1,25436	2,16137	1,29961	2,16137	1,34274	2,16137	1,38319	2,16137	1,42046	
2,17319	1,03013	2,17319	1,06786	2,17319	1,10913	2,17319	1,15239	2,17319	1,19607	2,17319	1,28151	2,17319	1,32256	2,17319	1,36166	2,17319	1,39795	2,17319	1,43080	
2,18752	1,03133	2,18752	1,06711	2,18752	1,10762	2,18752	1,15282	2,18752	1,20185	2,18752	1,30263	2,18752	1,34945	2,18752	1,39216	2,18752	1,43076	2,18752	1,46554	
2,19866	1,05973	2,19866	1,09887	2,19866	1,14015	2,19866	1,18336	2,19866	1,22800	2,19866	1,31720	2,19866	1,35913	2,19866	1,39792	2,19866	1,43306	2,19866	1,46439	
2,21219	1,06518	2,21219	1,10930	2,21219	1,15493	2,21219	1,20076	2,21219	1,24616	2,21219	1,33443	2,21219	1,37606	2,21219	1,41470	2,21219	1,44951	2,21219	1,48011	
2,22531	1,10002	2,22531	1,13724	2,22531	1,17762	2,22531	1,22024	2,22531	1,26425	2,22531	1,35316	2,22531	1,39595	2,22531	1,43602	2,22531	1,47242	2,22531	1,50476	
2,23805	1,12485	2,23805	1,16242	2,23805	1,20252	2,23805	1,24416	2,23805	1,28649	2,23805	1,37090	2,23805	1,41160	2,23805	1,44990	2,23805	1,48479	2,23805	1,51576	
2,25042	1,16539	2,25042	1,19406	2,25042	1,22710	2,25042	1,26442	2,25042	1,30528	2,25042	1,39149	2,25042	1,43320	2,25042	1,47196	2,25042	1,50696	2,25042	1,53797	
2,26482	1,16163	2,26482	1,19805	2,26482	1,23831	2,26482	1,28152	2,26482	1,32651	2,26482	1,41742	2,26482	1,46154	2,26482	1,50358	2,26482	1,54261	2,26482	1,57792	
2,27646	1,18554	2,27646	1,21934	2,27646	1,25727	2,27646	1,29871	2,27646	1,34243	2,27646	1,42989	2,27646	1,47067	2,27646	1,50847	2,27646	1,54313	2,27646	1,57461	
2,29003	1,23826	2,29003	1,26718	2,29003	1,29992	2,29003	1,33615	2,29003	1,37509	2,29003	1,45660	2,29003	1,49681	2,29003	1,53543	2,29003	1,57192	2,29003	1,60596	
2,30320	1,24289	2,30320	1,27596	2,30320	1,31276	2,30320	1,35261	2,30320	1,39464	2,30320	1,48135	2,30320	1,52358	2,30320	1,56346	2,30320	1,60044	2,30320	1,63452	
2,31597	1,25142	2,31597	1,28144	2,31597	1,31666	2,31597	1,35732	2,31597	1,40262	2,31597	1,49762	2,31597	1,54208	2,31597	1,58301	2,31597	1,62059	2,31597	1,65512	
2,32838	1,23957	2,32838	1,27367	2,32838	1,31356	2,32838	1,35893	2,32838	1,40820	2,32838	1,50667	2,32838	1,55060	2,32838	1,59005	2,32838	1,62596	2,32838	1,65940	
2,34044	1,28533	2,34044	1,31850	2,34044	1,35688	2,34044	1,39972	2,34044	1,44535	2,34044	1,53745	2,34044	1,58093	2,34044	1,62118	2,34044	1,65741	2,34044	1,68929	
2,35411	1,27996	2,35411	1,32757	2,35411	1,37678	2,35411	1,42532	2,35411	1,47159	2,35411	1,55460	2,35411	1,59107	2,35411	1,62443	2,35411	1,65500	2,35411	1,68311	
2,36736	1,31075	2,36736	1,35122	2,36736	1,39656	2,36736	1,44434	2,36736	1,49135	2,36736	1,57568	2,36736	1,61315	2,36736	1,64855	2,36736	1,68231	2,36736	1,71429	
2,38021	1,34738	2,38021	1,37768	2,38021	1,41286	2,38021	1,45256	2,38021	1,49543	2,38021	1,58201	2,38021	1,62252	2,38021	1,66060	2,38021	1,69643	2,38021	1,73005	
2,39270	1,34552	2,39270	1,38375	2,39270	1,42669	2,39270	1,47253	2,39270	1,51893	2,39270	1,60746	2,39270	1,64859	2,39270	1,68730	2,39270	1,72329	2,39270	1,75627	
2,40483	1,39595	2,40483	1,43008	2,40483	1,46854	2,40483	1,51040	2,40483	1,55381	2,40483	1,63600	2,40483	1,67134	2,40483	1,70208	2,40483	1,72854	2,40483	1,75129	
2,41830	1,39450	2,41830	1,43557	2,41830	1,47763	2,41830	1,51985	2,41830	1,56228	2,41830	1,64783	2,41830	1,68911	2,41830	1,72748	2,41830	1,76203	2,41830	1,79257	
2,43136	1,43338	2,43136	1,47058	2,43136	1,51011	2,43136	1,55095	2,43136	1,59187	2,43136	1,66797	2,43136	1,70074	2,43136	1,72943	2,43136	1,75435	2,43136	1,77604	
2,44404	1,43279	2,44404	1,47036	2,44404	1,51177	2,44404	1,55598	2,44404	1,60157	2,44404	1,69045	2,44404	1,73048	2,44404	1,76623	2,44404	1,79766	2,44404	1,82519	
2,45637	1,45386	2,45637	1,48858	2,45637	1,52667	2,45637	1,56778	2,45637	1,61110	2,45637	1,69864	2,45637	1,73972	2,45637	1,77754	2,45637	1,81165	2,45637	1,84196	
2,46982	1,47704	2,46982	1,51118	2,46982	1,54900	2,46982	1,58941	2,46982	1,63084	2,46982	1,71144	2,46982	1,74955	2,46982	1,78619	2,46982	1,82133	2,46982	1,85462	
2,48144	1,46042	2,48144	1,49914	2,48144	1,54318	2,48144	1,59131	2,48144	1,64127	2,48144	1,73525	2,48144	1,77514	2,48144	1,80967	2,48144	1,83942	2,48144	1,86522	
2,49554	1,47882	2,49554	1,52583	2,49554	1,57614	2,49554	1,62671	2,49554	1,67525	2,49554	1,76273	2,49554	1,80070	2,49554	1,83435	2,49554	1,86378	2,49554	1,88947	
2,50786	1,51120	2,50786	1,55210	2,50786	1,59718	2,50786	1,64514	2,50786	1,69411	2,50786	1,78632	2,50786	1,82668	2,50786	1,86288	2,50786	1,89528	2,50786	1,92414	
2,52114	1,54320	2,52114	1,59155	2,52114	1,64055	2,52114	1,68774	2,52114	1,73262	2,52114	1,81462	2,52114	1,84994	2,52114	1,88063	2,52114	1,90691	2,52114	1,92936	
2,53403	1,59870	2,53403	1,62522	2,53403	1,65656	2,53403	1,69311	2,53403	1,73431	2,53403	1,82110	2,53403	1,86047	2,53403	1,89475	2,53403	1,92393	2,53403	1,94869	
2,54654	1,53160	2,54654	1,58217	2,54654	1,63447	2,54654	1,68549	2,54654	1,73456	2,54654	1,82737	2,54654	1,87003	2,54654	1,90951	2,54654	1,94589	2,54654	1,97937	
2,55871	1,64848	2,55871	1,68023	2,55871	1,71419	2,55871	1,75029	2,55871	1,78820	2,55871	1,86449	2,55871	1,89958	2,55871	1,93115	2,55871	1,95898	2,55871	1,98327	
2,57171	1,64947	2,57171	1,68194	2,57171	1,71831	2,57171	1,75764	2,57171	1,79830	2,57171	1,87608	2,57171	1,91049	2,57171	1,94118	2,57171	1,96818	2,57171	1,99173	
2,58433	1,57925	2,58433	1,63959	2,58433	1,70217	2,58433	1,75855	2,58433	1,80645	2,58433	1,89028	2,58433	1,93145	2,58433	1,97293	2,58433	2,01383	2,58433	2,05271	
2,59770	1,66723	2,59770	1,70346	2,59770	1,74280	2,59770	1,78407	2,59770	1,82577	2,59770	1,90444	2,59770	1,93927	2,59770	1,97056	2,59770	1,99845	2,59770	2,02332	
2,61066	1,74898	2,61066	1,76980	2,61066	1,79409	2,61066	1,82257	2,61066	1,85563	2,61066	1,93262	2,61066	1,97250	2,61066	2,01019	2,61066	2,04427	2,61066	2,07428	
2,62325	1,60884	2,62325	1,67073	2,62325	1,74036	2,62325	1,81066	2,62325	1,87509	2,62325	1,97986	2,62325	2,02058	2,62325	2,05418	2,62325	2,08164	2,62325	2,10411	
2,63649	1,78176	2,63649	1,80775	2,63649	1,83642	2,63649	1,86846	2,63649	1,90428	2,63649	1,98449	2,63649	2,02536	2,63649	2,06423	2,63649	2,09993	2,63649	2,13192	
2,64933	1,72083	2,64933	1,76655	2,64933	1,81654	2,64933	1,86755	2,64933	1,91621	2,64933	2,00162	2,64933	2,03938	2,64933	2,07476	2,64933	2,10787	2,64933	2,13849	
2,66181	1,76527	2,66181	1,80806	2,66181	1,85251	2,66181	1,89617	2,66181	1,93789	2,66181	2,01674	2,66181	2,05468	2,66181	2,09110	2,66181	2,12503	2,66181	2,15562	
2,67486	1,84717	2,67486	1,86971	2,67486	1,89627	2,67486	1,92704	2,67486	1,96135	2,67486	2,03262	2,67486	2,06503	2,67486	2,09355	2,67486	2,11811	2,67486	2,13909	
2,68753	1,79700	2,68753	1,84336	2,68753	1,88958	2,68753	1,93332	2,68753	1,97494	2,68753	2,05745	2,68753	2,09818	2,68753	2,13629	2,68753	2,17017	2,68753	2,19923	
2,70070	1,84993	2,70070	1,88358	2,70070	1,91736	2,70070	1,95046	2,70070	1,98267	2,70070	2,04434	2,70070	2,07310	2,70070	2,09970	2,70070	2,12369	2,70070	2,14495	
2,71349	1,85166	2,71349	1,88227	2,71349	1,91776	2,71349	1,95793	2,71349	2,00152	2,71349	2,08906	2,71349	2,12800	2,71349	2,16193	2,71349	2,19082	2,71349	2,21518	
2,72591	1,84216	2,72591	1,88139	2,72591	1,92425	2,72591	1,96883	2,72591	2,01380	2,72591	2,10342	2,72591	2,14648	2,72591	2,18592	2,72591	2,22023	2,72591	2,24905	
2,73878	1,91069	2,73878	1,94355	2,73878	1,97886	2,73878	2,01577	2,73878	2,05359	2,73878	2,13095	2,73878	2,16998	2,73878	2,20807	2,73878	2,24375	2,73878	2,27581	
2,75128	1,83808	2,75128	1,88045	2,75128	1,92991	2,75128	1,98483	2,75128	2,04210	2,75128	2,14975	2,75128	2,19496	2,75128	2,23300	2,75128	2,26427	2,75128	2,28972	
2,76418	1,94409	2,76418	1,97602	2,76418	2,01113	2,76418	2,04810	2,76418	2,08533	2,76418	2,15636	2,76418	2,18912	2,76418	2,21951	2,76418	2,24711	2,76418	2,27176	
2,77743	1,96324	2,77743	1,98715	2,77743	2,01553	2,77743	2,04866	2,77743	2,08599	2,77743	2,16635	2,77743	2,20501	2,77743	2,24044	2,77743	2,27186	2,77743	2,29909	
2,79029	1,97872	2,79029	2,00531	2,79029	2,03747	2,79029	2,07559	2,79029	2,11877	2,79029	2,20910	2,79029	2,24988	2,79029	2,28556	2,79029	2,31613	2,79029	2,34219	
2,80277	1,97009	2,80277	2,00557	2,80277	2,04562	2,80277	2,09052	2,80277	2,14018	2,80277	2,24783	2,80277	2,29921	2,80277	2,34440	2,80277	2,38215	2,80277	2,41295	
2,81558	2,00669	2,81558	2,04355	2,81558	2,08347	2,81558	2,12523	2,81558	2,16764	2,81558	2,24921	2,81558	2,28571	2,81558	2,31819	2,81558	2,34657	2,81558	2,37115	
2,82866	2,04711	2,82866	2,07603	2,82866	2,10887	2,82866	2,14584	2,82866	2,18648	2,82866	2,27158	2,82866	2,31060	2,82866	2,34461	2,82866	2,37326	2,82866	2,39709	
2,84136	2,01182	2,84136	2,04485	2,84136	2,08295	2,84136	2,12663	2,84136	2,17591	2,84136	2,28335	2,84136	2,33348	2,84136	2,37678	2,84136	2,41267	2,84136	2,44209	
2,85431	2,07502	2,85431	2,10809	2,85431	2,14622	2,85431	2,18852	2,85431	2,23309	2,85431	2,31967	2,85431	2,35800	2,85431	2,39189	2,85431	2,42133	2,85431	2,44670	
2,86688	2,03314	2,86688	2,06787	2,86688	2,10949	2,86688	2,15827	2,86688	2,21281	2,86688	2,32335	2,86688	2,37100	2,86688	2,41130	2,86688	2,44481	2,86688	2,47268	
2,88024	2,08499	2,88024	2,11514	2,88024	2,15147	2,88024	2,19344	2,88024	2,23879	2,88024	2,32735	2,88024	2,36688	2,88024	2,40265	2,88024	2,43469	2,88024	2,46310	
2,89265	2,13511	2,89265	2,16801	2,89265	2,20545	2,89265	2,24689	2,89265	2,29129	2,89265	2,38250	2,89265	2,42569	2,89265	2,46541	2,89265	2,50097	2,89265	2,53218	
2,90580	2,06536	2,90580	2,10044	2,90580	2,14254	2,90580	2,19266	2,90580	2,25049	2,90580	2,37192	2,90580	2,42348	2,90580	2,46578	2,90580	2,50020	2,90580	2,52870	
2,91855	2,11258	2,91855	2,15957	2,91855	2,21000	2,91855	2,26057	2,91855	2,30983	2,91855	2,40656	2,91855	2,45244	2,91855	2,49365	2,91855	2,52896	2,91855	2,55855	
2,93146	2,12548	2,93146	2,16612	2,93146	2,21343	2,93146	2,26753	2,93146	2,32756	2,93146	2,45128	2,93146	2,50474	2,93146	2,54885	2,93146	2,58420	2,93146	2,61242	
2,94399	2,13031	2,94399	2,16602	2,94399	2,20904	2,94399	2,25847	2,94399	2,31098	2,94399	2,40763	2,94399	2,44702	2,94399	2,48055	2,94399	2,50931	2,94399	2,53438	
2,95713	2,13068	2,95713	2,18155	2,95713	2,24241	2,95713	2,30909	2,95713	2,37363	2,95713	2,47595	2,95713	2,51394	2,95713	2,54566	2,95713	2,57266	2,95713	2,59599	
2,96988	2,18483	2,96988	2,22566	2,96988	2,27272	2,96988	2,32415	2,96988	2,37719	2,96988	2,47992	2,96988	2,52795	2,96988	2,57274	2,96988	2,61321	2,96988	2,64858	
2,98272	2,19355	2,98272	2,23263	2,98272	2,28060	2,98272	2,33744	2,98272	2,40083	2,98272	2,52836	2,98272	2,58493	2,98272	2,63510	2,98272	2,67882	2,98272	2,71611	
2,99564	2,23222	2,99564	2,26367	2,99564	2,30219	2,99564	2,34906	2,99564	2,40393	2,99564	2,51909	2,99564	2,56717	2,99564	2,60584	2,99564	2,63647	2,99564	2,66099	
3,00817	2,16433	3,00817	2,21147	3,00817	2,26807	3,00817	2,33312	3,00817	2,40404	3,00817	2,54640	3,00817	2,60781	3,00817	2,65940	3,00817	2,70196	3,00817	2,73701	
3,02119	2,26399	3,02119	2,29393	3,02119	2,32848	3,02119	2,36828	3,02119	2,41325	3,02119	2,51302	3,02119	2,56446	3,02119	2,61492	3,02119	2,66219	3,02119	2,70412	
3,03423	2,24079	3,03423	2,28253	3,03423	2,33343	3,03423	2,39237	3,03423	2,45591	3,03423	2,57945	3,03423	2,63230	3,03423	2,67697	3,03423	2,71402	3,03423	2,74486	
3,04689	2,32598	3,04689	2,35395	3,04689	2,38997	3,04689	2,43582	3,04689	2,49074	3,04689	2,60303	3,04689	2,64824	3,04689	2,68503	3,04689	2,71530	3,04689	2,74070	
3,05956	2,31873	3,05956	2,35778	3,05956	2,40438	3,05956	2,45823	3,05956	2,51710	3,05956	2,63233	3,05956	2,68164	3,05956	2,72452	3,05956	2,76192	3,05956	2,79471	
3,07262	2,36229	3,07262	2,39019	3,07262	2,42521	3,07262	2,46869	3,07262	2,52063	3,07262	2,63864	3,07262	2,69750	3,07262	2,75324	3,07262	2,80418	3,07262	2,84891	
3,08529	2,32018	3,08529	2,36480	3,08529	2,41641	3,08529	2,47492	3,08529	2,53980	3,08529	2,67945	3,08529	2,74581	3,08529	2,80431	3,08529	2,85319	3,08529	2,89287	
3,09830	2,34822	3,09830	2,38351	3,09830	2,42794	3,09830	2,48316	3,09830	2,54883	3,09830	2,69381	3,09830	2,75915	3,09830	2,81302	3,09830	2,85522	3,09830	2,88790	
3,11093	2,35748	3,11093	2,39405	3,11093	2,44119	3,11093	2,50106	3,11093	2,57106	3,11093	2,69963	3,11093	2,74436	3,11093	2,77778	3,11093	2,80331	3,11093	2,82342	
3,12385	2,38831	3,12385	2,43979	3,12385	2,50083	3,12385	2,56623	3,12385	2,62771	3,12385	2,72595	3,12385	2,76561	3,12385	2,80066	3,12385	2,83119	3,12385	2,85728	
3,13672	2,53115	3,13672	2,55715	3,13672	2,58744	3,13672	2,62183	3,13672	2,65952	3,13672	2,73831	3,13672	2,77564	3,13672	2,80970	3,13672	2,84000	3,13672	2,86656	
3,14953	2,39221	3,14953	2,43513	3,14953	2,48403	3,14953	2,53965	3,14953	2,60348	3,14953	2,74531	3,14953	2,80722	3,14953	2,85688	3,14953	2,89587	3,14953	2,92693	
3,16256	2,45309	3,16256	2,48498	3,16256	2,52734	3,16256	2,58323	3,16256	2,65232	3,16256	2,79262	3,16256	2,84573	3,16256	2,88715	3,16256	2,92030	3,16256	2,94777	
3,17522	2,45772	3,17522	2,50446	3,17522	2,56169	3,17522	2,62594	3,17522	2,68953	3,17522	2,80071	3,17522	2,85382	3,17522	2,90733	3,17522	2,95803	3,17522	3,00237	
3,18808	2,40941	3,18808	2,47437	3,18808	2,55449	3,18808	2,63774	3,18808	2,70895	3,18808	2,82615	3,18808	2,88817	3,18808	2,95232	3,18808	3,01149	3,18808	3,06108	
3,20085	2,51482	3,20085	2,54714	3,20085	2,58873	3,20085	2,64087	3,20085	2,70137	3,20085	2,81874	3,20085	2,86486	3,20085	2,90215	3,20085	2,93224	3,20085	2,95660	
3,21378	2,62011	3,21378	2,65039	3,21378	2,68838	3,21378	2,73506	3,21378	2,78934	3,21378	2,90084	3,21378	2,94716	3,21378	2,98486	3,21378	3,01525	3,21378	3,04002	
3,22660	2,40160	3,22660	2,46413	3,22660	2,54632	3,22660	2,64485	3,22660	2,74404	3,22660	2,89583	3,22660	2,94972	3,22660	2,99348	3,22660	3,02941	3,22660	3,05914	
3,23955	2,53636	3,23955	2,58198	3,23955	2,64188	3,23955	2,71625	3,23955	2,79762	3,23955	2,93768	3,23955	2,99029	3,23955	3,03366	3,23955	3,06943	3,23955	3,09887	
3,25237	2,57311	3,25237	2,61576	3,25237	2,66730	3,25237	2,72745	3,25237	2,79322	3,25237	2,92509	3,25237	2,98894	3,25237	3,05030	3,25237	3,10542	3,25237	3,15150	
3,26505	2,59380	3,26505	2,64637	3,26505	2,70930	3,26505	2,77745	3,26505	2,84348	3,26505	2,95679	3,26505	3,00286	3,26505	3,04122	3,26505	3,07232	3,26505	3,09734	
3,27807	2,57058	3,27807	2,62357	3,27807	2,69057	3,27807	2,76991	3,27807	2,85292	3,27807	2,99110	3,27807	3,04231	3,27807	3,08454	3,27807	3,11973	3,27807	3,14913	
3,29070	2,74918	3,29070	2,78442	3,29070	2,82381	3,29070	2,86415	3,29070	2,90211	3,29070	2,96735	3,29070	2,99625	3,29070	3,02343	3,29070	3,04862	3,29070	3,07134	
3,30363	2,68441	3,30363	2,71738	3,30363	2,76254	3,30363	2,82310	3,30363	2,89712	3,30363	3,04039	3,30363	3,09443	3,30363	3,13800	3,30363	3,17367	3,30363	3,20312	
3,31639	2,73964	3,31639	2,76702	3,31639	2,80129	3,31639	2,84360	3,31639	2,89302	3,31639	2,99193	3,31639	3,03034	3,31639	3,05982	3,31639	3,08218	3,31639	3,09938	
3,32940	2,64876	3,32940	2,69712	3,32940	2,75661	3,32940	2,82545	3,32940	2,89887	3,32940	3,04014	3,32940	3,09955	3,32940	3,14761	3,32940	3,18476	3,32940	3,21309	
3,34223	2,75472	3,34223	2,78749	3,34223	2,82984	3,34223	2,88400	3,34223	2,94909	3,34223	3,07907	3,34223	3,12810	3,34223	3,16573	3,34223	3,19491	3,34223	3,21813	
3,35507	2,76888	3,35507	2,80370	3,35507	2,84589	3,35507	2,89475	3,35507	2,94763	3,35507	3,05057	3,35507	3,09558	3,35507	3,13534	3,35507	3,17018	3,35507	3,20061	
3,36791	2,79845	3,36791	2,83982	3,36791	2,88853	3,36791	2,94251	3,36791	2,99849	3,36791	3,10814	3,36791	3,15900	3,36791	3,20437	3,36791	3,24277	3,36791	3,27423	
3,38057	2,64156	3,38057	2,69930	3,38057	2,77861	3,38057	2,87968	3,38057	2,98508	3,38057	3,13788	3,38057	3,18895	3,38057	3,22971	3,38057	3,26241	3,38057	3,28862	
3,39358	2,83789	3,39358	2,86977	3,39358	2,91142	3,39358	2,96363	3,39358	3,02269	3,39358	3,13093	3,39358	3,17370	3,39358	3,21094	3,39358	3,24407	3,39358	3,27337	
3,40637	2,82505	3,40637	2,86028	3,40637	2,90618	3,40637	2,96392	3,40637	3,03016	3,40637	3,15416	3,40637	3,20194	3,40637	3,24093	3,40637	3,27302	3,40637	3,29962	
3,41913	2,91424	3,41913	2,94452	3,41913	2,98393	3,41913	3,03459	3,41913	3,09637	3,41913	3,22961	3,41913	3,28537	3,41913	3,32993	3,41913	3,36487	3,41913	3,39251	
3,43201	2,89155	3,43201	2,92372	3,43201	2,96418	3,43201	3,01410	3,43201	3,07116	3,43201	3,17607	3,43201	3,21302	3,43201	3,24047	3,43201	3,26119	3,43201	3,27734	
3,44483	2,97374	3,44483	2,99523	3,44483	3,02344	3,44483	3,05996	3,44483	3,10493	3,44483	3,20641	3,44483	3,25304	3,44483	3,29334	3,44483	3,32710	3,44483	3,35492	
3,45773	2,94773	3,45773	2,98626	3,45773	3,03420	3,45773	3,09126	3,45773	3,15263	3,45773	3,25684	3,45773	3,29320	3,45773	3,32129	3,45773	3,34354	3,45773	3,36167	
3,47056	2,91074	3,47056	2,95375	3,47056	3,00656	3,47056	3,06757	3,47056	3,13176	3,47056	3,24636	3,47056	3,29090	3,47056	3,32668	3,47056	3,35493	3,47056	3,37716	
3,48330	3,04681	3,48330	3,07325	3,48330	3,10536	3,48330	3,14313	3,48330	3,18507	3,48330	3,26896	3,48330	3,30506	3,48330	3,33561	3,48330	3,36088	3,48330	3,38164	
3,49624	2,95657	3,49624	2,99057	3,49624	3,03499	3,49624	3,09198	3,49624	3,15926	3,49624	3,28528	3,49624	3,33040	3,49624	3,36504	3,49624	3,39238	3,49624	3,41463	
3,50907	2,97884	3,50907	3,00495	3,50907	3,03813	3,50907	3,07954	3,50907	3,12790	3,50907	3,22306	3,50907	3,25971	3,50907	3,28831	3,50907	3,31077	3,50907	3,32889	
3,52192	3,05061	3,52192	3,08507	3,52192	3,12840	3,52192	3,17943	3,52192	3,23355	3,52192	3,33140	3,52192	3,37198	3,52192	3,40703	3,52192	3,43659	3,52192	3,46091	
3,53466	3,04864	3,53466	3,08029	3,53466	3,12146	3,53466	3,17089	3,53466	3,22173	3,53466	3,29722	3,53466	3,31997	3,53466	3,33639	3,53466	3,34876	3,53466	3,35851	
3,54753	2,96249	3,54753	3,01098	3,54753	3,07661	3,54753	3,16054	3,54753	3,25235	3,54753	3,40241	3,54753	3,45975	3,54753	3,50942	3,54753	3,55132	3,54753	3,58543	
3,56038	3,09783	3,56038	3,12457	3,56038	3,15924	3,56038	3,20412	3,56038	3,25976	3,56038	3,38202	3,56038	3,43292	3,56038	3,47314	3,56038	3,50437	3,56038	3,52885	
3,57322	3,23509	3,57322	3,25386	3,57322	3,27608	3,57322	3,30169	3,57322	3,33009	3,57322	3,39128	3,57322	3,42255	3,57322	3,45354	3,57322	3,48340	3,57322	3,51101	
3,58602	3,20188	3,58602	3,22332	3,58602	3,24824	3,58602	3,27671	3,58602	3,30879	3,58602	3,38359	3,58602	3,42424	3,58602	3,46349	3,58602	3,49857	3,58602	3,52823	
3,59890	3,19652	3,59890	3,21684	3,59890	3,24219	3,59890	3,27342	3,59890	3,31067	3,59890	3,39694	3,59890	3,44011	3,59890	3,47974	3,59890	3,51453	3,59890	3,54419	
3,61172	3,10960	3,61172	3,14556	3,61172	3,19420	3,61172	3,25836	3,61172	3,33584	3,61172	3,48625	3,61172	3,54317	3,61172	3,58856	3,61172	3,62520	3,61172	3,65514	
3,62459	3,10995	3,62459	3,15911	3,62459	3,22317	3,62459	3,29738	3,62459	3,36885	3,62459	3,47900	3,62459	3,52107	3,62459	3,55575	3,62459	3,58337	3,62459	3,60492	
3,63739	3,14640	3,63739	3,19161	3,63739	3,25138	3,63739	3,32373	3,63739	3,39603	3,63739	3,49394	3,63739	3,52221	3,63739	3,54317	3,63739	3,55965	3,63739	3,57313	
3,65021	3,30329	3,65021	3,33668	3,65021	3,38040	3,65021	3,43349	3,65021	3,48914	3,65021	3,57709	3,65021	3,60758	3,65021	3,63265	3,65021	3,65414	3,65021	3,67292	
3,66304	3,33191	3,66304	3,35028	3,66304	3,37383	3,66304	3,40383	3,66304	3,44052	3,66304	3,52270	3,66304	3,55923	3,66304	3,58948	3,66304	3,61382	3,66304	3,63339	
3,67596	3,36093	3,67596	3,37926	3,67596	3,40092	3,67596	3,42639	3,67596	3,45556	3,67596	3,51907	3,67596	3,54847	3,67596	3,57380	3,67596	3,59471	3,67596	3,61165	
3,68878	3,40303	3,68878	3,42922	3,68878	3,46015	3,68878	3,49532	3,68878	3,53319	3,68878	3,60818	3,68878	3,64158	3,68878	3,67090	3,68878	3,69590	3,68878	3,71685	
3,70157	3,53133	3,70157	3,54253	3,70157	3,55459	3,70157	3,56750	3,70157	3,58119	3,70157	3,61009	3,70157	3,62465	3,70157	3,63875	3,70157	3,65206	3,70157	3,66432	
3,71441	3,42216	3,71441	3,44764	3,71441	3,47682	3,71441	3,50858	3,71441	3,54092	3,71441	3,59911	3,71441	3,62288	3,71441	3,64306	3,71441	3,66014	3,71441	3,67462	
3,72730	3,51679	3,72730	3,53271	3,72730	3,55153	3,72730	3,57325	3,72730	3,59742	3,72730	3,64900	3,72730	3,67413	3,72730	3,69773	3,72730	3,71940	3,72730	3,73895	
3,74013	3,43486	3,74013	3,45773	3,74013	3,48526	3,74013	3,51781	3,74013	3,55488	3,74013	3,63327	3,74013	3,66842	3,74013	3,69831	3,74013	3,72285	3,74013	3,74271	
3,75297	3,30871	3,75297	3,35036	3,75297	3,40665	3,75297	3,47815	3,75297	3,55485	3,75297	3,66406	3,75297	3,69352	3,75297	3,71350	3,75297	3,72787	3,75297	3,73880	
3,76574	3,27112	3,76574	3,31492	3,76574	3,37444	3,76574	3,44868	3,76574	3,52391	3,76574	3,62041	3,76574	3,64461	3,76574	3,66074	3,76574	3,67220	3,76574	3,68080	
3,77859	3,40324	3,77859	3,43786	3,77859	3,48247	3,77859	3,53606	3,77859	3,59207	3,77859	3,68073	3,77859	3,71112	3,77859	3,73551	3,77859	3,75585	3,77859	3,77315	
3,79148	3,51312	3,79148	3,53365	3,79148	3,55837	3,79148	3,58709	3,79148	3,61884	3,79148	3,68432	3,79148	3,71446	3,79148	3,74130	3,79148	3,76444	3,79148	3,78397	
3,80428	3,51979	3,80428	3,53829	3,80428	3,56115	3,80428	3,58915	3,80428	3,62214	3,80428	3,69359	3,80428	3,72516	3,80428	3,75134	3,80428	3,77233	3,80428	3,78902	
3,81710	3,51901	3,81710	3,54186	3,81710	3,56987	3,81710	3,60289	3,81710	3,63906	3,81710	3,70725	3,81710	3,73423	3,81710	3,75597	3,81710	3,77332	3,81710	3,78724	
3,82995	3,54032	3,82995	3,57213	3,82995	3,61125	3,82995	3,65541	3,82995	3,69896	3,82995	3,76587	3,82995	3,78914	3,82995	3,80831	3,82995	3,82490	3,82995	3,83973	
3,84280	3,52996	3,84280	3,55827	3,84280	3,59472	3,84280	3,63912	3,84280	3,68737	3,84280	3,77001	3,84280	3,79979	3,84280	3,82385	3,84280	3,84404	3,84280	3,86145	
3,85564	3,56186	3,85564	3,59487	3,85564	3,63469	3,85564	3,67836	3,85564	3,72017	3,85564	3,78262	3,85564	3,80352	3,85564	3,81979	3,85564	3,83277	3,85564	3,84337	
3,86847	3,58673	3,86847	3,61895	3,86847	3,65839	3,86847	3,70209	3,86847	3,74371	3,86847	3,80290	3,86847	3,82118	3,86847	3,83477	3,86847	3,84531	3,86847	3,85383	
3,88133	3,61663	3,88133	3,64059	3,88133	3,66777	3,88133	3,69675	3,88133	3,72544	3,88133	3,77525	3,88133	3,79520	3,88133	3,81208	3,88133	3,82634	3,88133	3,83839	
3,89415	3,63784	3,89415	3,65986	3,89415	3,68620	3,89415	3,71710	3,89415	3,75232	3,89415	3,83010	3,89415	3,86747	3,89415	3,90039	3,89415	3,92783	3,89415	3,95001	
3,90698	3,66448	3,90698	3,69070	3,90698	3,72005	3,90698	3,74992	3,90698	3,77714	3,90698	3,81748	3,90698	3,83131	3,90698	3,84227	3,90698	3,85120	3,90698	3,85867	
3,91981	3,64799	3,91981	3,67056	3,91981	3,69581	3,91981	3,72201	3,91981	3,74691	3,91981	3,78724	3,91981	3,80253	3,91981	3,81538	3,91981	3,82645	3,91981	3,83619	
3,93268	3,64636	3,93268	3,67208	3,93268	3,70377	3,93268	3,74044	3,93268	3,77862	3,93268	3,84221	3,93268	3,86444	3,93268	3,88158	3,93268	3,89510	3,93268	3,90613	
3,94552	3,67091	3,94552	3,69445	3,94552	3,72264	3,94552	3,75432	3,94552	3,78654	3,94552	3,83957	3,94552	3,85794	3,94552	3,87177	3,94552	3,88223	3,94552	3,89029	
3,95832	3,73437	3,95832	3,75374	3,95832	3,77702	3,95832	3,80455	3,95832	3,83592	3,95832	3,90310	3,95832	3,93401	3,95832	3,96091	3,95832	3,98349	3,95832	4,00215	
3,97118	3,80088	3,97118	3,81442	3,97118	3,82918	3,97118	3,84465	3,97118	3,86012	3,97118	3,88818	3,97118	3,89987	3,97118	3,90985	3,97118	3,91827	3,97118	3,92535	
3,98403	3,83599	3,98403	3,84190	3,98403	3,84799	3,98403	3,85415	3,98403	3,86023	3,98403	3,87165	3,98403	3,87681	3,98403	3,88154	3,98403	3,88582	3,98403	3,88967	
3,99686	3,87555	3,99686	3,87918	3,99686	3,88299	3,99686	3,88695	3,99686	3,89103	3,99686	3,89933	3,99686	3,90345	3,99686	3,90751	3,99686	3,91144	3,99686	3,91523	
4,00966	3,87525	4,00966	3,88014	4,00966	3,88554	4,00966	3,89142	4,00966	3,89774	4,00966	3,91113	4,00966	3,91788	4,00966	3,92445	4,00966	3,93068	4,00966	3,93649	
4,02251	3,84789	4,02251	3,85745	4,02251	3,86840	4,02251	3,88085	4,02251	3,89480	4,02251	3,92618	4,02251	3,94254	4,02251	3,95842	4,02251	3,97323	4,02251	3,98660	
4,03535	3,79716	4,03535	3,81461	4,03535	3,83449	4,03535	3,85643	4,03535	3,87975	4,03535	3,92671	4,03535	3,94857	4,03535	3,96851	4,03535	3,98622	4,03535	4,00165	
4,04821	3,75310	4,04821	3,77654	4,04821	3,80475	4,04821	3,83606	4,04821	3,86691	4,04821	3,91466	4,04821	3,93030	4,04821	3,94188	4,04821	3,95062	4,04821	3,95745	
4,06104	3,76663	4,06104	3,79224	4,06104	3,82423	4,06104	3,86114	4,06104	3,89854	4,06104	3,95678	4,06104	3,97575	4,06104	3,98995	4,06104	4,00099	4,06104	4,00995	
4,07386	3,85632	4,07386	3,87320	4,07386	3,89212	4,07386	3,91224	4,07386	3,93236	4,07386	3,96822	4,07386	3,98298	4,07386	3,99572	4,07386	4,00672	4,07386	4,01629	
4,08672	3,88813	4,08672	3,90115	4,08672	3,91489	4,08672	3,92871	4,08672	3,94189	4,08672	3,96432	4,08672	3,97326	4,08672	3,98081	4,08672	3,98719	4,08672	3,99263	
4,09954	3,86929	4,09954	3,88074	4,09954	3,89448	4,09954	3,91072	4,09954	3,92932	4,09954	3,97002	4,09954	3,98939	4,09954	4,00658	4,09954	4,02117	4,09954	4,03325	
4,11237	3,89978	4,11237	3,91151	4,11237	3,92630	4,11237	3,94463	4,11237	3,96648	4,11237	4,01586	4,11237	4,03930	4,11237	4,05976	4,11237	4,07682	4,11237	4,09074	
4,12522	3,94482	4,12522	3,95757	4,12522	3,97283	4,12522	3,99097	4,12522	4,01213	4,12522	4,06108	4,12522	4,08593	4,12522	4,10877	4,12522	4,12861	4,12522	4,14520	
4,13805	3,94879	4,13805	3,96671	4,13805	3,98984	4,13805	4,01919	4,13805	4,05440	4,13805	4,12848	4,13805	4,15869	4,13805	4,18217	4,13805	4,19991	4,13805	4,21334	
4,15088	3,94991	4,15088	3,96708	4,15088	3,98971	4,15088	4,01950	4,15088	4,05716	4,15088	4,14315	4,15088	4,18000	4,15088	4,20888	4,15088	4,23071	4,15088	4,24724	
4,16373	3,94616	4,16373	3,96304	4,16373	3,98507	4,16373	4,01410	4,16373	4,05169	4,16373	4,14585	4,16373	4,19069	4,16373	4,22740	4,16373	4,25565	4,16373	4,27701	
4,17655	3,94598	4,17655	3,96813	4,17655	3,99711	4,17655	4,03417	4,17655	4,07910	4,17655	4,17875	4,17655	4,22321	4,17655	4,25979	4,17655	4,28844	4,17655	4,31038	
4,18941	3,93735	4,18941	3,95845	4,18941	3,98591	4,18941	4,02148	4,18941	4,06671	4,18941	4,18075	4,18941	4,23626	4,18941	4,28146	4,18941	4,31539	4,18941	4,34020	
4,20224	3,94868	4,20224	3,96561	4,20224	3,98750	4,20224	4,01685	4,20224	4,05767	4,20224	4,18278	4,20224	4,25012	4,20224	4,30362	4,20224	4,34183	4,20224	4,36853	
4,21508	3,96899	4,21508	3,97820	4,21508	3,99242	4,21508	4,01623	4,21508	4,05830	4,21508	4,22080	4,21508	4,30292	4,21508	4,35902	4,21508	4,39448	4,21508	4,41748	
4,22791	4,00729	4,22791	4,02138	4,22791	4,04098	4,22791	4,07010	4,22791	4,11535	4,22791	4,26333	4,22791	4,33502	4,22791	4,38593	4,22791	4,41946	4,22791	4,44179	
4,24075	4,10864	4,24075	4,12374	4,24075	4,14413	4,24075	4,17247	4,24075	4,21198	4,24075	4,32126	4,24075	4,37361	4,24075	4,41405	4,24075	4,44301	4,24075	4,46351	
4,25358	4,09819	4,25358	4,11651	4,25358	4,14177	4,25358	4,17695	4,25358	4,22467	4,25358	4,34357	4,25358	4,39478	4,25358	4,43310	4,25358	4,46047	4,25358	4,48002	
4,26642	4,10747	4,26642	4,12629	4,26642	4,15237	4,26642	4,18879	4,26642	4,23796	4,26642	4,35765	4,26642	4,40797	4,26642	4,44543	4,26642	4,47220	4,26642	4,49142	
4,27926	4,09539	4,27926	4,11489	4,27926	4,14228	4,27926	4,18106	4,27926	4,23400	4,27926	4,36194	4,27926	4,41415	4,27926	4,45230	4,27926	4,47928	4,27926	4,49855	
4,29210	4,11284	4,29210	4,13023	4,29210	4,15410	4,29210	4,18753	4,29210	4,23392	4,29210	4,35679	4,29210	4,41192	4,29210	4,45313	4,29210	4,48215	4,29210	4,50256	
4,30494	4,23448	4,30494	4,24255	4,30494	4,25431	4,30494	4,27190	4,30494	4,29814	4,30494	4,37964	4,30494	4,42432	4,30494	4,46167	4,30494	4,48974	4,30494	4,51007	
4,31777	4,21986	4,31777	4,22916	4,31777	4,24239	4,31777	4,26198	4,31777	4,29118	4,31777	4,38193	4,31777	4,43061	4,31777	4,47022	4,31777	4,49931	4,31777	4,52005	
4,33062	4,21185	4,33062	4,22238	4,33062	4,23704	4,33062	4,25836	4,33062	4,28976	4,33062	4,38588	4,33062	4,43638	4,33062	4,47686	4,33062	4,50628	4,33062	4,52712	
4,34345	4,36257	4,34345	4,37430	4,34345	4,39001	4,34345	4,41069	4,34345	4,43652	4,34345	4,49516	4,34345	4,52099	4,34345	4,54168	4,34345	4,55739	4,34345	4,56911	
4,35629	4,45710	4,35629	4,46567	4,35629	4,47604	4,35629	4,48825	4,35629	4,50206	4,35629	4,53156	4,35629	4,54536	4,35629	4,55758	4,35629	4,56795	4,35629	4,57652	
4,36912	4,54540	4,36912	4,54916	4,36912	4,55322	4,36912	4,55752	4,36912	4,56199	4,36912	4,57114	4,36912	4,57561	4,36912	4,57991	4,36912	4,58397	4,36912	4,58773	
4,38196	4,58431	4,38196	4,58564	4,38196	4,58701	4,38196	4,58840	4,38196	4,58981	4,38196	4,59265	4,38196	4,59406	4,38196	4,59545	4,38196	4,59681	4,38196	4,59815	
4,39480	4,60486	4,39480	4,60520	4,39480	4,60554	4,39480	4,60589	4,39480	4,60623	4,39480	4,60692	4,39480	4,60727	4,39480	4,60761	4,39480	4,60796	4,39480	4,60830	
4,40765	4,61923	4,40765	4,61927	4,40765	4,61931	4,40765	4,61935	4,40765	4,61938	4,40765	4,61946	4,40765	4,61950	4,40765	4,61954	4,40765	4,61957	4,40765	4,61961	
4,42047	4,63114	4,42047	4,63116	4,42047	4,63118	4,42047	4,63119	4,42047	4,63121	4,42047	4,63124	4,42047	4,63126	4,42047	4,63127	4,42047	4,63129	4,42047	4,63130	
4,43331	4,61947	4,43331	4,61953	4,43331	4,61958	4,43331	4,61963	4,43331	4,61969	4,43331	4,61980	4,43331	4,61985	4,43331	4,61990	4,43331	4,61996	4,43331	4,62001	
4,44615	4,59144	4,44615	4,59235	4,44615	4,59328	4,44615	4,59422	4,44615	4,59516	4,44615	4,59707	4,44615	4,59801	4,44615	4,59895	4,44615	4,59988	4,44615	4,60079	
4,45899	4,53936	4,45899	4,54316	4,45899	4,54725	4,45899	4,55160	4,45899	4,55613	4,45899	4,56538	4,45899	4,56990	4,45899	4,57425	4,45899	4,57834	4,45899	4,58214	
4,47182	4,44409	4,47182	4,45287	4,47182	4,46354	4,47182	4,47620	4,47182	4,49057	4,47182	4,52135	4,47182	4,53572	4,47182	4,54837	4,47182	4,55905	4,47182	4,56782	
4,48466	4,34873	4,48466	4,36062	4,48466	4,37667	4,48466	4,39796	4,48466	4,42474	4,48466	4,48587	4,48466	4,51266	4,48466	4,53395	4,48466	4,55000	4,48466	4,56189	
4,49750	4,27385	4,49750	4,28715	4,49750	4,30625	4,49750	4,33374	4,49750	4,37144	4,49750	4,46275	4,49750	4,50045	4,49750	4,52794	4,49750	4,54704	4,49750	4,56034	
4,51033	4,23840	4,51033	4,25216	4,51033	4,27245	4,51033	4,30275	4,51033	4,34615	4,51033	4,45478	4,51033	4,49819	4,51033	4,52848	4,51033	4,54877	4,51033	4,56253	
4,52317	4,63385	4,52317	4,63385	4,52317	4,63385	4,52317	4,63385	4,52317	4,63385	4,52317	4,63385	4,52317	4,63385	4,52317	4,63385	4,52317	4,63385	4,52317	4,63385	
4,53602	4,65764	4,53602	4,65764	4,53602	4,65764	4,53602	4,65764	4,53602	4,65764	4,53602	4,65764	4,53602	4,65764	4,53602	4,65764	4,53602	4,65764	4,53602	4,65764	
4,54884	4,68840	4,54884	4,68840	4,54884	4,68840	4,54884	4,68840	4,54884	4,68840	4,54884	4,68840	4,54884	4,68840	4,54884	4,68840	4,54884	4,68840	4,54884	4,68840	
4,56169	4,71953	4,56169	4,71953	4,56169	4,71953	4,56169	4,71953	4,56169	4,71953	4,56169	4,71953	4,56169	4,71953	4,56169	4,71953	4,56169	4,71953	4,56169	4,71953	
4,57452	4,75446	4,57452	4,75446	4,57452	4,75446	4,57452	4,75446	4,57452	4,75446	4,57452	4,75446	4,57452	4,75446	4,57452	4,75446	4,57452	4,75446	4,57452	4,75446	
4,58736	4,78962	4,58736	4,78962	4,58736	4,78962	4,58736	4,78962	4,58736	4,78962	4,58736	4,78962	4,58736	4,78962	4,58736	4,78962	4,58736	4,78962	4,58736	4,78962	
4,60020	4,81434	4,60020	4,81434	4,60020	4,81434	4,60020	4,81434	4,60020	4,81434	4,60020	4,81434	4,60020	4,81434	4,60020	4,81434	4,60020	4,81434	4,60020	4,81434	
4,61304	4,82900	4,61304	4,82900	4,61304	4,82900	4,61304	4,82900	4,61304	4,82900	4,61304	4,82900	4,61304	4,82900	4,61304	4,82900	4,61304	4,82900	4,61304	4,82900	
4,62587	4,84234	4,62587	4,84234	4,62587	4,84234	4,62587	4,84234	4,62587	4,84234	4,62587	4,84234	4,62587	4,84234	4,62587	4,84234	4,62587	4,84234	4,62587	4,84234	
4,63871	4,85320	4,63871	4,85320	4,63871	4,85320	4,63871	4,85320	4,63871	4,85320	4,63871	4,85320	4,63871	4,85320	4,63871	4,85320	4,63871	4,85320	4,63871	4,85320	
4,65155	4,85580	4,65155	4,85580	4,65155	4,85580	4,65155	4,85580	4,65155	4,85580	4,65155	4,85580	4,65155	4,85580	4,65155	4,85580	4,65155	4,85580	4,65155	4,85580	
4,66438	4,85283	4,66438	4,85283	4,66438	4,85283	4,66438	4,85283	4,66438	4,85283	4,66438	4,85283	4,66438	4,85283	4,66438	4,85283	4,66438	4,85283	4,66438	4,85283	
4,67722	4,84718	4,67722	4,84718	4,67722	4,84718	4,67722	4,84718	4,67722	4,84718	4,67722	4,84718	4,67722	4,84718	4,67722	4,84718	4,67722	4,84718	4,67722	4,84718	
4,69005	4,84095	4,69005	4,84095	4,69005	4,84095	4,69005	4,84095	4,69005	4,84095	4,69005	4,84095	4,69005	4,84095	4,69005	4,84095	4,69005	4,84095	4,69005	4,84095	
4,70290	4,83541	4,70290	4,83541	4,70290	4,83541	4,70290	4,83541	4,70290	4,83541	4,70290	4,83541	4,70290	4,83541	4,70290	4,83541	4,70290	4,83541	4,70290	4,83541	
4,71573	4,83806	4,71573	4,83806	4,71573	4,83806	4,71573	4,83806	4,71573	4,83806	4,71573	4,83806	4,71573	4,83806	4,71573	4,83806	4,71573	4,83806	4,71573	4,83806	
4,72857	4,84690	4,72857	4,84690	4,72857	4,84690	4,72857	4,84690	4,72857	4,84690	4,72857	4,84690	4,72857	4,84690	4,72857	4,84690	4,72857	4,84690	4,72857	4,84690	
4,74140	4,85984	4,74140	4,85984	4,74140	4,85984	4,74140	4,85984	4,74140	4,85984	4,74140	4,85984	4,74140	4,85984	4,74140	4,85984	4,74140	4,85984	4,74140	4,85984	
4,75424	4,88340	4,75424	4,88340	4,75424	4,88340	4,75424	4,88340	4,75424	4,88340	4,75424	4,88340	4,75424	4,88340	4,75424	4,88340	4,75424	4,88340	4,75424	4,88340	
4,76708	4,91172	4,76708	4,91172	4,76708	4,91172	4,76708	4,91172	4,76708	4,91172	4,76708	4,91172	4,76708	4,91172	4,76708	4,91172	4,76708	4,91172	4,76708	4,91172	
4,77992	4,93316	4,77992	4,93316	4,77992	4,93316	4,77992	4,93316	4,77992	4,93316	4,77992	4,93316	4,77992	4,93316	4,77992	4,93316	4,77992	4,93316	4,77992	4,93316	
4,79276	4,95688	4,79276	4,95688	4,79276	4,95688	4,79276	4,95688	4,79276	4,95688	4,79276	4,95688	4,79276	4,95688	4,79276	4,95688	4,79276	4,95688	4,79276	4,95688	
