# MesswertTabelle
#
# M e s s w e r t t a b e l l e  der Reihen:
#
# Random WalkRandomWalk_1 (q=-5.0) [285,285] Werte
# Random WalkRandomWalk_1 (q=-4.0) [285,285] Werte
# Random WalkRandomWalk_1 (q=-3.0) [285,285] Werte
# Random WalkRandomWalk_1 (q=-2.0) [285,285] Werte
# Random WalkRandomWalk_1 (q=-1.0) [285,285] Werte
# Random WalkRandomWalk_1 (q=1.0) [285,285] Werte
# Random WalkRandomWalk_1 (q=2.0) [285,285] Werte
# Random WalkRandomWalk_1 (q=3.0) [285,285] Werte
# Random WalkRandomWalk_1 (q=4.0) [285,285] Werte
# Random WalkRandomWalk_1 (q=5.0) [285,285] Werte
#
#
#s	F(s)	s	F(s)	s	F(s)	s	F(s)	s	F(s)	s	F(s)	s	F(s)	s	F(s)	s	F(s)	s	F(s)	
0,60206	-3,14249	0,60206	-2,93177	0,60206	-2,58058	0,60206	-1,87852	0,60206	0,05541	0,60206	1,23090	0,60206	1,31001	0,60206	1,36123	0,60206	1,39834	0,60206	1,42698	
0,69897	-0,27905	0,69897	-0,09429	0,69897	0,20314	0,69897	0,71322	0,69897	1,19195	0,69897	1,40060	0,69897	1,44098	0,69897	1,47029	0,69897	1,49342	0,69897	1,51263	
0,77815	0,76354	0,77815	0,91665	0,77815	1,11002	0,77815	1,29160	0,77815	1,39912	0,77815	1,49048	0,77815	1,51573	0,77815	1,53580	0,77815	1,55263	0,77815	1,56723	
0,84510	1,02749	0,84510	1,17320	0,84510	1,32717	0,84510	1,43466	0,84510	1,49194	0,84510	1,54867	0,84510	1,56696	0,84510	1,58237	0,84510	1,59588	0,84510	1,60801	
0,90309	1,03414	0,90309	1,19765	0,90309	1,38415	0,90309	1,50132	0,90309	1,54908	0,90309	1,59323	0,90309	1,60876	0,90309	1,62253	0,90309	1,63509	0,90309	1,64672	
0,95424	1,36846	0,95424	1,45746	0,95424	1,52608	0,95424	1,56794	0,95424	1,59390	0,95424	1,62806	0,95424	1,64166	0,95424	1,65409	0,95424	1,66569	0,95424	1,67660	
1,00000	1,49178	1,00000	1,54438	1,00000	1,58236	1,00000	1,60806	1,00000	1,62688	1,00000	1,65591	1,00000	1,66849	1,00000	1,68035	1,00000	1,69166	1,00000	1,70252	
1,04139	1,58313	1,04139	1,60679	1,04139	1,62611	1,04139	1,64238	1,04139	1,65672	1,04139	1,68218	1,04139	1,69395	1,04139	1,70527	1,04139	1,71616	1,04139	1,72663	
1,07918	1,57788	1,07918	1,62185	1,07918	1,64877	1,07918	1,66664	1,07918	1,68078	1,07918	1,70526	1,07918	1,71672	1,07918	1,72790	1,07918	1,73885	1,07918	1,74961	
1,11394	1,64589	1,11394	1,66282	1,11394	1,67706	1,11394	1,68970	1,11394	1,70145	1,11394	1,72350	1,11394	1,73408	1,11394	1,74441	1,11394	1,75452	1,11394	1,76440	
1,14613	1,67457	1,14613	1,68709	1,14613	1,69851	1,14613	1,70938	1,14613	1,72000	1,14613	1,74099	1,14613	1,75142	1,14613	1,76178	1,14613	1,77202	1,14613	1,78210	
1,17609	1,68911	1,17609	1,70201	1,17609	1,71386	1,17609	1,72509	1,17609	1,73601	1,17609	1,75753	1,17609	1,76827	1,17609	1,77902	1,17609	1,78974	1,17609	1,80041	
1,20412	1,70876	1,20412	1,72007	1,20412	1,73091	1,20412	1,74147	1,20412	1,75188	1,20412	1,77257	1,20412	1,78290	1,20412	1,79321	1,20412	1,80347	1,20412	1,81361	
1,23045	1,72887	1,23045	1,73871	1,23045	1,74858	1,23045	1,75852	1,23045	1,76854	1,23045	1,78889	1,23045	1,79923	1,23045	1,80965	1,23045	1,82013	1,23045	1,83063	
1,25527	1,73951	1,25527	1,74978	1,25527	1,76008	1,25527	1,77044	1,25527	1,78087	1,25527	1,80197	1,25527	1,81260	1,25527	1,82322	1,25527	1,83378	1,25527	1,84423	
1,27875	1,74582	1,27875	1,75791	1,27875	1,76930	1,27875	1,78028	1,27875	1,79106	1,27875	1,81247	1,27875	1,82322	1,27875	1,83402	1,27875	1,84483	1,27875	1,85564	
1,30103	1,76535	1,30103	1,77479	1,30103	1,78441	1,30103	1,79426	1,30103	1,80433	1,30103	1,82520	1,30103	1,83596	1,30103	1,84689	1,30103	1,85794	1,30103	1,86906	
1,32222	1,77789	1,32222	1,78724	1,32222	1,79677	1,32222	1,80652	1,32222	1,81651	1,32222	1,83729	1,32222	1,84808	1,32222	1,85914	1,32222	1,87042	1,32222	1,88188	
1,34242	1,78687	1,34242	1,79561	1,34242	1,80474	1,34242	1,81426	1,34242	1,82417	1,34242	1,84507	1,34242	1,85600	1,34242	1,86719	1,34242	1,87858	1,34242	1,89008	
1,36173	1,79495	1,36173	1,80413	1,36173	1,81359	1,36173	1,82331	1,36173	1,83326	1,36173	1,85377	1,36173	1,86428	1,36173	1,87494	1,36173	1,88572	1,36173	1,89661	
1,38021	1,80720	1,38021	1,81611	1,38021	1,82535	1,38021	1,83491	1,38021	1,84476	1,38021	1,86524	1,38021	1,87581	1,38021	1,88655	1,38021	1,89741	1,38021	1,90835	
1,39794	1,81567	1,39794	1,82476	1,39794	1,83420	1,39794	1,84400	1,39794	1,85414	1,39794	1,87542	1,39794	1,88653	1,39794	1,89794	1,39794	1,90959	1,39794	1,92143	
1,41497	1,82355	1,41497	1,83255	1,41497	1,84187	1,41497	1,85148	1,41497	1,86137	1,41497	1,88188	1,41497	1,89247	1,41497	1,90326	1,41497	1,91425	1,41497	1,92541	
1,43136	1,83298	1,43136	1,84202	1,43136	1,85140	1,43136	1,86113	1,43136	1,87121	1,43136	1,89232	1,43136	1,90328	1,43136	1,91444	1,43136	1,92575	1,43136	1,93711	
1,44716	1,84126	1,44716	1,85016	1,44716	1,85945	1,44716	1,86915	1,44716	1,87922	1,44716	1,90042	1,44716	1,91149	1,44716	1,92280	1,44716	1,93430	1,44716	1,94592	
1,46240	1,84928	1,46240	1,85835	1,46240	1,86768	1,46240	1,87732	1,46240	1,88729	1,46240	1,90829	1,46240	1,91929	1,46240	1,93057	1,46240	1,94205	1,46240	1,95364	
1,47712	1,85447	1,47712	1,86362	1,47712	1,87307	1,47712	1,88281	1,47712	1,89282	1,47712	1,91354	1,47712	1,92418	1,47712	1,93492	1,47712	1,94568	1,47712	1,95639	
1,49136	1,86221	1,49136	1,87123	1,49136	1,88060	1,49136	1,89033	1,49136	1,90040	1,49136	1,92143	1,49136	1,93231	1,49136	1,94333	1,49136	1,95443	1,49136	1,96552	
1,50515	1,87119	1,50515	1,88018	1,50515	1,88950	1,50515	1,89918	1,50515	1,90921	1,50515	1,93034	1,50515	1,94134	1,50515	1,95256	1,50515	1,96391	1,50515	1,97530	
1,51851	1,87628	1,51851	1,88535	1,51851	1,89482	1,51851	1,90471	1,51851	1,91503	1,51851	1,93697	1,51851	1,94856	1,51851	1,96054	1,51851	1,97285	1,51851	1,98543	
1,53148	1,88413	1,53148	1,89296	1,53148	1,90223	1,53148	1,91195	1,53148	1,92211	1,53148	1,94367	1,53148	1,95498	1,53148	1,96659	1,53148	1,97842	1,53148	1,99041	
1,54407	1,89158	1,54407	1,90038	1,54407	1,90952	1,54407	1,91903	1,54407	1,92890	1,54407	1,94971	1,54407	1,96060	1,54407	1,97176	1,54407	1,98313	1,54407	1,99464	
1,55630	1,89125	1,55630	1,90059	1,55630	1,91030	1,55630	1,92042	1,55630	1,93098	1,55630	1,95353	1,55630	1,96557	1,55630	1,97814	1,55630	1,99122	1,55630	2,00477	
1,56820	1,90048	1,56820	1,90987	1,56820	1,91967	1,56820	1,92993	1,56820	1,94068	1,56820	1,96362	1,56820	1,97571	1,56820	1,98809	1,56820	2,00064	1,56820	2,01319	
1,57978	1,90400	1,57978	1,91353	1,57978	1,92341	1,57978	1,93363	1,57978	1,94417	1,57978	1,96608	1,57978	1,97732	1,57978	1,98866	1,57978	1,99999	1,57978	2,01124	
1,59106	1,91291	1,59106	1,92152	1,59106	1,93059	1,59106	1,94014	1,59106	1,95016	1,59106	1,97155	1,59106	1,98281	1,59106	1,99433	1,59106	2,00599	1,59106	2,01765	
1,61278	1,92288	1,61278	1,93203	1,61278	1,94160	1,61278	1,95158	1,61278	1,96199	1,61278	1,98388	1,61278	1,99521	1,61278	2,00666	1,61278	2,01809	1,61278	2,02937	
1,62325	1,92879	1,62325	1,93805	1,62325	1,94775	1,62325	1,95788	1,62325	1,96841	1,62325	1,99053	1,62325	2,00195	1,62325	2,01349	1,62325	2,02504	1,62325	2,03649	
1,63347	1,93296	1,63347	1,94195	1,63347	1,95134	1,63347	1,96113	1,63347	1,97132	1,63347	1,99279	1,63347	2,00398	1,63347	2,01538	1,63347	2,02691	1,63347	2,03845	
1,64345	1,94111	1,64345	1,95018	1,64345	1,95977	1,64345	1,96989	1,64345	1,98055	1,64345	2,00329	1,64345	2,01523	1,64345	2,02738	1,64345	2,03959	1,64345	2,05168	
1,66276	1,94650	1,66276	1,95561	1,66276	1,96501	1,66276	1,97475	1,66276	1,98485	1,66276	2,00611	1,66276	2,01722	1,66276	2,02858	1,66276	2,04013	1,66276	2,05183	
1,67210	1,94948	1,67210	1,95848	1,67210	1,96795	1,67210	1,97789	1,67210	1,98829	1,67210	2,01024	1,67210	2,02166	1,67210	2,03325	1,67210	2,04493	1,67210	2,05660	
1,69020	1,96178	1,69020	1,97089	1,69020	1,98038	1,69020	1,99028	1,69020	2,00060	1,69020	2,02234	1,69020	2,03367	1,69020	2,04522	1,69020	2,05691	1,69020	2,06866	
1,69897	1,96618	1,69897	1,97511	1,69897	1,98448	1,69897	1,99432	1,69897	2,00466	1,69897	2,02673	1,69897	2,03836	1,69897	2,05025	1,69897	2,06229	1,69897	2,07432	
1,71600	1,97041	1,71600	1,97968	1,71600	1,98948	1,71600	1,99981	1,71600	2,01069	1,71600	2,03415	1,71600	2,04667	1,71600	2,05963	1,71600	2,07290	1,71600	2,08633	
1,72428	1,97902	1,72428	1,98838	1,72428	1,99816	1,72428	2,00838	1,72428	2,01903	1,72428	2,04166	1,72428	2,05358	1,72428	2,06585	1,72428	2,07840	1,72428	2,09111	
1,74036	1,98139	1,74036	1,99095	1,74036	2,00097	1,74036	2,01147	1,74036	2,02245	1,74036	2,04588	1,74036	2,05831	1,74036	2,07119	1,74036	2,08448	1,74036	2,09812	
1,74819	1,98888	1,74819	1,99812	1,74819	2,00792	1,74819	2,01825	1,74819	2,02912	1,74819	2,05230	1,74819	2,06456	1,74819	2,07721	1,74819	2,09022	1,74819	2,10357	
1,76343	1,99243	1,76343	2,00192	1,76343	2,01191	1,76343	2,02240	1,76343	2,03336	1,76343	2,05659	1,76343	2,06875	1,76343	2,08119	1,76343	2,09379	1,76343	2,10644	
1,77815	2,00141	1,77815	2,01105	1,77815	2,02115	1,77815	2,03168	1,77815	2,04260	1,77815	2,06541	1,77815	2,07717	1,77815	2,08908	1,77815	2,10103	1,77815	2,11293	
1,78533	2,00950	1,78533	2,01812	1,78533	2,02728	1,78533	2,03694	1,78533	2,04706	1,78533	2,06831	1,78533	2,07923	1,78533	2,09018	1,78533	2,10103	1,78533	2,11167	
1,79934	2,00969	1,79934	2,01941	1,79934	2,02945	1,79934	2,03990	1,79934	2,05084	1,79934	2,07449	1,79934	2,08735	1,79934	2,10096	1,79934	2,11537	1,79934	2,13060	
1,81291	2,01896	1,81291	2,02844	1,81291	2,03841	1,81291	2,04892	1,81291	2,05999	1,81291	2,08387	1,81291	2,09664	1,81291	2,10990	1,81291	2,12357	1,81291	2,13754	
1,82607	2,02468	1,82607	2,03451	1,82607	2,04456	1,82607	2,05489	1,82607	2,06553	1,82607	2,08787	1,82607	2,09957	1,82607	2,11158	1,82607	2,12382	1,82607	2,13617	
1,83885	2,02932	1,83885	2,03911	1,83885	2,04939	1,83885	2,06015	1,83885	2,07138	1,83885	2,09518	1,83885	2,10770	1,83885	2,12057	1,83885	2,13371	1,83885	2,14704	
1,85126	2,04036	1,85126	2,04918	1,85126	2,05845	1,85126	2,06815	1,85126	2,07825	1,85126	2,09960	1,85126	2,11080	1,85126	2,12234	1,85126	2,13416	1,85126	2,14620	
1,86332	2,03999	1,86332	2,05012	1,86332	2,06062	1,86332	2,07148	1,86332	2,08266	1,86332	2,10602	1,86332	2,11828	1,86332	2,13103	1,86332	2,14438	1,86332	2,15842	
1,88081	2,04674	1,88081	2,05721	1,88081	2,06791	1,88081	2,07888	1,88081	2,09019	1,88081	2,11385	1,88081	2,12615	1,88081	2,13866	1,88081	2,15125	1,88081	2,16380	
1,89209	2,05376	1,89209	2,06403	1,89209	2,07475	1,89209	2,08587	1,89209	2,09736	1,89209	2,12128	1,89209	2,13361	1,89209	2,14607	1,89209	2,15857	1,89209	2,17099	
1,90309	2,06410	1,90309	2,07335	1,90309	2,08308	1,90309	2,09333	1,90309	2,10410	1,90309	2,12734	1,90309	2,13983	1,90309	2,15292	1,90309	2,16657	1,90309	2,18072	
1,91908	2,07639	1,91908	2,08563	1,91908	2,09535	1,91908	2,10557	1,91908	2,11630	1,91908	2,13932	1,91908	2,15161	1,91908	2,16436	1,91908	2,17748	1,91908	2,19084	
1,92942	2,07444	1,92942	2,08446	1,92942	2,09496	1,92942	2,10592	1,92942	2,11734	1,92942	2,14159	1,92942	2,15437	1,92942	2,16750	1,92942	2,18085	1,92942	2,19424	
1,94448	2,08185	1,94448	2,09163	1,94448	2,10185	1,94448	2,11248	1,94448	2,12352	1,94448	2,14693	1,94448	2,15933	1,94448	2,17222	1,94448	2,18554	1,94448	2,19918	
1,95424	2,08506	1,95424	2,09543	1,95424	2,10609	1,95424	2,11705	1,95424	2,12830	1,95424	2,15165	1,95424	2,16372	1,95424	2,17602	1,95424	2,18851	1,95424	2,20112	
1,96848	2,09565	1,96848	2,10513	1,96848	2,11497	1,96848	2,12523	1,96848	2,13598	1,96848	2,15906	1,96848	2,17134	1,96848	2,18400	1,96848	2,19688	1,96848	2,20976	
1,98227	2,09835	1,98227	2,10834	1,98227	2,11872	1,98227	2,12952	1,98227	2,14077	1,98227	2,16466	1,98227	2,17733	1,98227	2,19050	1,98227	2,20418	1,98227	2,21837	
1,99564	2,10401	1,99564	2,11445	1,99564	2,12529	1,99564	2,13651	1,99564	2,14811	1,99564	2,17235	1,99564	2,18492	1,99564	2,19771	1,99564	2,21062	1,99564	2,22353	
2,00860	2,10798	2,00860	2,11864	2,00860	2,12981	2,00860	2,14150	2,00860	2,15368	2,00860	2,17936	2,00860	2,19261	2,00860	2,20592	2,00860	2,21906	2,00860	2,23186	
2,02119	2,11530	2,02119	2,12537	2,02119	2,13605	2,02119	2,14737	2,02119	2,15930	2,02119	2,18488	2,02119	2,19836	2,02119	2,21210	2,02119	2,22595	2,02119	2,23970	
2,03342	2,12516	2,03342	2,13549	2,03342	2,14618	2,03342	2,15728	2,03342	2,16881	2,03342	2,19320	2,03342	2,20605	2,03342	2,21930	2,03342	2,23287	2,03342	2,24665	
2,04532	2,13380	2,04532	2,14300	2,04532	2,15250	2,04532	2,16232	2,04532	2,17247	2,04532	2,19382	2,04532	2,20495	2,04532	2,21630	2,04532	2,22772	2,04532	2,23907	
2,05690	2,13820	2,05690	2,14692	2,05690	2,15628	2,05690	2,16631	2,05690	2,17702	2,05690	2,20032	2,05690	2,21283	2,05690	2,22587	2,05690	2,23944	2,05690	2,25352	
2,07188	2,14718	2,07188	2,15621	2,07188	2,16571	2,07188	2,17574	2,07188	2,18630	2,07188	2,20915	2,07188	2,22139	2,07188	2,23413	2,07188	2,24727	2,07188	2,26070	
2,08279	2,14708	2,08279	2,15745	2,08279	2,16823	2,08279	2,17942	2,08279	2,19102	2,08279	2,21534	2,08279	2,22797	2,08279	2,24084	2,08279	2,25384	2,08279	2,26688	
2,09691	2,15673	2,09691	2,16617	2,09691	2,17617	2,09691	2,18673	2,09691	2,19786	2,09691	2,22180	2,09691	2,23453	2,09691	2,24763	2,09691	2,26094	2,09691	2,27425	
2,11059	2,16485	2,11059	2,17430	2,11059	2,18423	2,11059	2,19466	2,11059	2,20559	2,11059	2,22881	2,11059	2,24100	2,11059	2,25347	2,11059	2,26612	2,11059	2,27886	
2,12385	2,17182	2,12385	2,18152	2,12385	2,19169	2,12385	2,20239	2,12385	2,21360	2,12385	2,23743	2,12385	2,24989	2,12385	2,26254	2,12385	2,27521	2,12385	2,28774	
2,13672	2,17552	2,13672	2,18467	2,13672	2,19436	2,13672	2,20457	2,13672	2,21527	2,13672	2,23792	2,13672	2,24973	2,13672	2,26174	2,13672	2,27383	2,13672	2,28588	
2,14922	2,17859	2,14922	2,18823	2,14922	2,19840	2,14922	2,20915	2,14922	2,22054	2,14922	2,24564	2,14922	2,25950	2,14922	2,27426	2,14922	2,28980	2,14922	2,30587	
2,16137	2,18807	2,16137	2,19705	2,16137	2,20654	2,16137	2,21661	2,16137	2,22731	2,16137	2,25082	2,16137	2,26365	2,16137	2,27709	2,16137	2,29092	2,16137	2,30483	
2,17319	2,19581	2,17319	2,20549	2,17319	2,21546	2,17319	2,22576	2,17319	2,23642	2,17319	2,25884	2,17319	2,27047	2,17319	2,28226	2,17319	2,29402	2,17319	2,30560	
2,18752	2,19642	2,18752	2,20581	2,18752	2,21583	2,18752	2,22649	2,18752	2,23784	2,18752	2,26273	2,18752	2,27645	2,18752	2,29121	2,18752	2,30723	2,18752	2,32472	
2,19866	2,19387	2,19866	2,20528	2,19866	2,21700	2,19866	2,22907	2,19866	2,24152	2,19866	2,26770	2,19866	2,28145	2,19866	2,29557	2,19866	2,30990	2,19866	2,32424	
2,21219	2,21164	2,21219	2,22128	2,21219	2,23142	2,21219	2,24203	2,21219	2,25312	2,21219	2,27655	2,21219	2,28880	2,21219	2,30128	2,21219	2,31384	2,21219	2,32631	
2,22531	2,21551	2,22531	2,22521	2,22531	2,23545	2,22531	2,24627	2,22531	2,25768	2,22531	2,28220	2,22531	2,29519	2,22531	2,30852	2,22531	2,32202	2,22531	2,33549	
2,23805	2,22359	2,23805	2,23426	2,23805	2,24547	2,23805	2,25716	2,23805	2,26924	2,23805	2,29407	2,23805	2,30657	2,23805	2,31893	2,23805	2,33104	2,23805	2,34275	
2,25042	2,23077	2,25042	2,24120	2,25042	2,25197	2,25042	2,26308	2,25042	2,27449	2,25042	2,29806	2,25042	2,31012	2,25042	2,32225	2,25042	2,33439	2,25042	2,34642	
2,26482	2,23199	2,26482	2,24220	2,26482	2,25298	2,26482	2,26433	2,26482	2,27622	2,26482	2,30139	2,26482	2,31443	2,26482	2,32753	2,26482	2,34053	2,26482	2,35322	
2,27646	2,24077	2,27646	2,25046	2,27646	2,26069	2,27646	2,27144	2,27646	2,28273	2,27646	2,30678	2,27646	2,31947	2,27646	2,33251	2,27646	2,34583	2,27646	2,35931	
2,29003	2,24911	2,29003	2,25865	2,29003	2,26885	2,29003	2,27975	2,29003	2,29138	2,29003	2,31670	2,29003	2,33020	2,29003	2,34401	2,29003	2,35786	2,29003	2,37149	
2,30320	2,25856	2,30320	2,26813	2,30320	2,27823	2,30320	2,28891	2,30320	2,30020	2,30320	2,32473	2,30320	2,33795	2,30320	2,35171	2,30320	2,36584	2,30320	2,38014	
2,31597	2,26032	2,31597	2,26958	2,31597	2,27932	2,31597	2,28956	2,31597	2,30027	2,31597	2,32290	2,31597	2,33459	2,31597	2,34631	2,31597	2,35786	2,31597	2,36904	
2,32838	2,26144	2,32838	2,27207	2,32838	2,28323	2,32838	2,29490	2,32838	2,30706	2,32838	2,33273	2,32838	2,34614	2,32838	2,35983	2,32838	2,37365	2,32838	2,38745	
2,34044	2,27310	2,34044	2,28260	2,34044	2,29253	2,34044	2,30288	2,34044	2,31362	2,34044	2,33611	2,34044	2,34773	2,34044	2,35951	2,34044	2,37136	2,34044	2,38324	
2,35411	2,28503	2,35411	2,29411	2,35411	2,30379	2,35411	2,31409	2,35411	2,32501	2,35411	2,34870	2,35411	2,36134	2,35411	2,37438	2,35411	2,38763	2,35411	2,40090	
2,36736	2,28401	2,36736	2,29417	2,36736	2,30488	2,36736	2,31606	2,36736	2,32760	2,36736	2,35128	2,36736	2,36312	2,36736	2,37473	2,36736	2,38598	2,36736	2,39672	
2,38021	2,27939	2,38021	2,29160	2,38021	2,30418	2,38021	2,31707	2,38021	2,33018	2,38021	2,35674	2,38021	2,37005	2,38021	2,38335	2,38021	2,39667	2,38021	2,41007	
2,39270	2,29582	2,39270	2,30487	2,39270	2,31463	2,39270	2,32510	2,39270	2,33629	2,39270	2,36052	2,39270	2,37330	2,39270	2,38629	2,39270	2,39930	2,39270	2,41216	
2,40483	2,30171	2,40483	2,31098	2,40483	2,32074	2,40483	2,33093	2,40483	2,34152	2,40483	2,36363	2,40483	2,37504	2,40483	2,38663	2,40483	2,39835	2,40483	2,41016	
2,41830	2,31427	2,41830	2,32408	2,41830	2,33446	2,41830	2,34543	2,41830	2,35692	2,41830	2,38096	2,41830	2,39307	2,41830	2,40492	2,41830	2,41628	2,41830	2,42699	
2,43136	2,31208	2,43136	2,32349	2,43136	2,33542	2,43136	2,34778	2,43136	2,36048	2,43136	2,38661	2,43136	2,39994	2,43136	2,41337	2,43136	2,42688	2,43136	2,44040	
2,44404	2,32549	2,44404	2,33576	2,44404	2,34651	2,44404	2,35764	2,44404	2,36903	2,44404	2,39186	2,44404	2,40295	2,44404	2,41362	2,44404	2,42377	2,44404	2,43332	
2,45637	2,32930	2,45637	2,33918	2,45637	2,34959	2,45637	2,36047	2,45637	2,37174	2,45637	2,39519	2,45637	2,40721	2,45637	2,41934	2,45637	2,43149	2,45637	2,44358	
2,46982	2,33901	2,46982	2,34787	2,46982	2,35737	2,46982	2,36754	2,46982	2,37846	2,46982	2,40276	2,46982	2,41630	2,46982	2,43081	2,46982	2,44627	2,46982	2,46254	
2,48144	2,34275	2,48144	2,35320	2,48144	2,36424	2,48144	2,37582	2,48144	2,38794	2,48144	2,41369	2,48144	2,42731	2,48144	2,44139	2,48144	2,45583	2,48144	2,47047	
2,49554	2,34688	2,49554	2,35734	2,49554	2,36852	2,49554	2,38039	2,49554	2,39293	2,49554	2,41985	2,49554	2,43416	2,49554	2,44893	2,49554	2,46397	2,49554	2,47904	
2,50786	2,35265	2,50786	2,36308	2,50786	2,37383	2,50786	2,38494	2,50786	2,39648	2,50786	2,42126	2,50786	2,43470	2,50786	2,44891	2,50786	2,46378	2,50786	2,47908	
2,52114	2,35289	2,52114	2,36440	2,52114	2,37625	2,52114	2,38835	2,52114	2,40060	2,52114	2,42525	2,52114	2,43757	2,52114	2,44987	2,52114	2,46218	2,52114	2,47450	
2,53403	2,36735	2,53403	2,37774	2,53403	2,38865	2,53403	2,40003	2,53403	2,41184	2,53403	2,43662	2,53403	2,44948	2,53403	2,46251	2,53403	2,47557	2,53403	2,48847	
2,54654	2,36900	2,54654	2,37909	2,54654	2,38960	2,54654	2,40048	2,54654	2,41167	2,54654	2,43478	2,54654	2,44662	2,54654	2,45863	2,54654	2,47074	2,54654	2,48288	
2,55871	2,36828	2,55871	2,37881	2,55871	2,38975	2,55871	2,40111	2,55871	2,41292	2,55871	2,43798	2,55871	2,45118	2,55871	2,46474	2,55871	2,47850	2,55871	2,49223	
2,57171	2,37415	2,57171	2,38587	2,57171	2,39792	2,57171	2,41025	2,57171	2,42282	2,57171	2,44848	2,57171	2,46150	2,57171	2,47459	2,57171	2,48764	2,57171	2,50055	
2,58433	2,38494	2,58433	2,39531	2,58433	2,40611	2,58433	2,41736	2,58433	2,42911	2,58433	2,45412	2,58433	2,46725	2,58433	2,48060	2,58433	2,49390	2,58433	2,50690	
2,59770	2,40161	2,59770	2,41150	2,59770	2,42163	2,59770	2,43193	2,59770	2,44232	2,59770	2,46295	2,59770	2,47301	2,59770	2,48282	2,59770	2,49233	2,59770	2,50152	
2,61066	2,41095	2,61066	2,42058	2,61066	2,43047	2,61066	2,44060	2,61066	2,45097	2,61066	2,47234	2,61066	2,48335	2,61066	2,49456	2,61066	2,50597	2,61066	2,51752	
2,62325	2,40721	2,62325	2,41750	2,62325	2,42802	2,62325	2,43874	2,62325	2,44965	2,62325	2,47181	2,62325	2,48292	2,62325	2,49393	2,62325	2,50473	2,62325	2,51522	
2,63649	2,42170	2,63649	2,43107	2,63649	2,44083	2,63649	2,45103	2,63649	2,46170	2,63649	2,48462	2,63649	2,49689	2,63649	2,50966	2,63649	2,52282	2,63649	2,53619	
2,64933	2,42229	2,64933	2,43616	2,64933	2,44891	2,64933	2,46087	2,64933	2,47233	2,64933	2,49444	2,64933	2,50523	2,64933	2,51580	2,64933	2,52611	2,64933	2,53607	
2,66181	2,43291	2,66181	2,44212	2,66181	2,45199	2,66181	2,46254	2,66181	2,47374	2,66181	2,49791	2,66181	2,51072	2,66181	2,52384	2,66181	2,53713	2,66181	2,55040	
2,67486	2,43417	2,67486	2,44307	2,67486	2,45230	2,67486	2,46195	2,67486	2,47211	2,67486	2,49434	2,67486	2,50653	2,67486	2,51939	2,67486	2,53277	2,67486	2,54642	
2,68753	2,44085	2,68753	2,45152	2,68753	2,46302	2,68753	2,47537	2,68753	2,48853	2,68753	2,51684	2,68753	2,53155	2,68753	2,54622	2,68753	2,56052	2,68753	2,57419	
2,70070	2,45616	2,70070	2,46473	2,70070	2,47377	2,70070	2,48325	2,70070	2,49314	2,70070	2,51408	2,70070	2,52513	2,70070	2,53653	2,70070	2,54819	2,70070	2,55995	
2,71349	2,43730	2,71349	2,45049	2,71349	2,46408	2,71349	2,47781	2,71349	2,49147	2,71349	2,51785	2,71349	2,53037	2,71349	2,54241	2,71349	2,55399	2,71349	2,56514	
2,72591	2,46812	2,72591	2,47575	2,72591	2,48381	2,72591	2,49231	2,72591	2,50126	2,72591	2,52054	2,72591	2,53083	2,72591	2,54148	2,72591	2,55238	2,72591	2,56337	
2,73878	2,47641	2,73878	2,48452	2,73878	2,49336	2,73878	2,50296	2,73878	2,51333	2,73878	2,53630	2,73878	2,54872	2,73878	2,56156	2,73878	2,57461	2,73878	2,58764	
2,75128	2,46401	2,75128	2,47365	2,75128	2,48405	2,75128	2,49515	2,75128	2,50685	2,75128	2,53153	2,75128	2,54424	2,75128	2,55700	2,75128	2,56967	2,75128	2,58212	
2,76418	2,48269	2,76418	2,49126	2,76418	2,50063	2,76418	2,51081	2,76418	2,52182	2,76418	2,54609	2,76418	2,55913	2,76418	2,57251	2,76418	2,58601	2,76418	2,59937	
2,77743	2,48805	2,77743	2,49747	2,77743	2,50739	2,77743	2,51785	2,77743	2,52887	2,77743	2,55242	2,77743	2,56475	2,77743	2,57719	2,77743	2,58954	2,77743	2,60155	
2,79029	2,49447	2,79029	2,50356	2,79029	2,51326	2,79029	2,52356	2,79029	2,53447	2,79029	2,55786	2,79029	2,57012	2,79029	2,58255	2,79029	2,59494	2,79029	2,60711	
2,80277	2,48853	2,80277	2,49845	2,80277	2,50919	2,80277	2,52074	2,80277	2,53301	2,80277	2,55908	2,80277	2,57241	2,80277	2,58558	2,80277	2,59831	2,80277	2,61040	
2,81558	2,50231	2,81558	2,51167	2,81558	2,52177	2,81558	2,53264	2,81558	2,54429	2,81558	2,56962	2,81558	2,58299	2,81558	2,59647	2,81558	2,60975	2,81558	2,62251	
2,82866	2,50767	2,82866	2,51736	2,82866	2,52809	2,82866	2,53991	2,82866	2,55283	2,82866	2,58138	2,82866	2,59634	2,82866	2,61115	2,82866	2,62533	2,82866	2,63853	
2,84136	2,51411	2,84136	2,52260	2,84136	2,53168	2,84136	2,54144	2,84136	2,55194	2,84136	2,57522	2,84136	2,58784	2,84136	2,60085	2,84136	2,61396	2,84136	2,62682	
2,85431	2,51549	2,85431	2,52654	2,85431	2,53865	2,85431	2,55179	2,85431	2,56581	2,85431	2,59550	2,85431	2,61055	2,85431	2,62531	2,85431	2,63954	2,85431	2,65304	
2,86688	2,51729	2,86688	2,52811	2,86688	2,53970	2,86688	2,55194	2,86688	2,56465	2,86688	2,59071	2,86688	2,60364	2,86688	2,61628	2,86688	2,62850	2,86688	2,64022	
2,88024	2,53252	2,88024	2,54377	2,88024	2,55584	2,88024	2,56869	2,88024	2,58222	2,88024	2,61058	2,88024	2,62488	2,88024	2,63888	2,88024	2,65231	2,88024	2,66497	
2,89265	2,54140	2,89265	2,55322	2,89265	2,56569	2,89265	2,57864	2,89265	2,59183	2,89265	2,61813	2,89265	2,63097	2,89265	2,64350	2,89265	2,65565	2,89265	2,66736	
2,90580	2,55130	2,90580	2,56108	2,90580	2,57126	2,90580	2,58171	2,90580	2,59229	2,90580	2,61318	2,90580	2,62323	2,90580	2,63288	2,90580	2,64204	2,90580	2,65067	
2,91855	2,55801	2,91855	2,56881	2,91855	2,58030	2,91855	2,59245	2,91855	2,60520	2,91855	2,63206	2,91855	2,64585	2,91855	2,65963	2,91855	2,67323	2,91855	2,68650	
2,93146	2,53774	2,93146	2,54846	2,93146	2,55948	2,93146	2,57078	2,93146	2,58243	2,93146	2,60770	2,93146	2,62220	2,93146	2,63877	2,93146	2,65788	2,93146	2,67943	
2,94399	2,55634	2,94399	2,56656	2,94399	2,57700	2,94399	2,58755	2,94399	2,59812	2,94399	2,61907	2,94399	2,62939	2,94399	2,63956	2,94399	2,64957	2,94399	2,65939	
2,95713	2,56914	2,95713	2,57965	2,95713	2,59063	2,95713	2,60192	2,95713	2,61336	2,95713	2,63596	2,95713	2,64682	2,95713	2,65722	2,95713	2,66712	2,95713	2,67649	
2,96988	2,57531	2,96988	2,58568	2,96988	2,59663	2,96988	2,60800	2,96988	2,61963	2,96988	2,64270	2,96988	2,65373	2,96988	2,66421	2,96988	2,67409	2,96988	2,68334	
2,98272	2,56547	2,98272	2,57708	2,98272	2,58967	2,98272	2,60332	2,98272	2,61815	2,98272	2,65225	2,98272	2,67200	2,98272	2,69361	2,98272	2,71659	2,98272	2,73996	
2,99564	2,58401	2,99564	2,59702	2,99564	2,61062	2,99564	2,62476	2,99564	2,63943	2,99564	2,67022	2,99564	2,68625	2,99564	2,70259	2,99564	2,71905	2,99564	2,73538	
3,00817	2,57415	3,00817	2,58823	3,00817	2,60227	3,00817	2,61610	3,00817	2,62960	3,00817	2,65531	3,00817	2,66733	3,00817	2,67866	3,00817	2,68922	3,00817	2,69896	
3,02119	2,59043	3,02119	2,60125	3,02119	2,61283	3,02119	2,62510	3,02119	2,63800	3,02119	2,66531	3,02119	2,67960	3,02119	2,69416	3,02119	2,70884	3,02119	2,72339	
3,03423	2,60510	3,03423	2,61417	3,03423	2,62384	3,03423	2,63412	3,03423	2,64502	3,03423	2,66863	3,03423	2,68128	3,03423	2,69436	3,03423	2,70770	3,03423	2,72104	
3,04689	2,59322	3,04689	2,60602	3,04689	2,61956	3,04689	2,63372	3,04689	2,64826	3,04689	2,67736	3,04689	2,69132	3,04689	2,70455	3,04689	2,71691	3,04689	2,72832	
3,05956	2,62830	3,05956	2,63967	3,05956	2,65100	3,05956	2,66236	3,05956	2,67394	3,05956	2,69937	3,05956	2,71444	3,05956	2,73204	3,05956	2,75257	3,05956	2,77561	
3,07262	2,63346	3,07262	2,64209	3,07262	2,65124	3,07262	2,66099	3,07262	2,67135	3,07262	2,69399	3,07262	2,70618	3,07262	2,71877	3,07262	2,73155	3,07262	2,74428	
3,08529	2,59569	3,08529	2,60933	3,08529	2,62337	3,08529	2,63778	3,08529	2,65259	3,08529	2,68363	3,08529	2,69982	3,08529	2,71622	3,08529	2,73251	3,08529	2,74831	
3,09830	2,62554	3,09830	2,63841	3,09830	2,65134	3,09830	2,66444	3,09830	2,67795	3,09830	2,70767	3,09830	2,72447	3,09830	2,74263	3,09830	2,76169	3,09830	2,78088	
3,11093	2,63284	3,11093	2,64606	3,11093	2,65936	3,11093	2,67278	3,11093	2,68645	3,11093	2,71552	3,11093	2,73129	3,11093	2,74782	3,11093	2,76469	3,11093	2,78132	
3,12385	2,62264	3,12385	2,63748	3,12385	2,65242	3,12385	2,66724	3,12385	2,68181	3,12385	2,71030	3,12385	2,72437	3,12385	2,73836	3,12385	2,75222	3,12385	2,76576	
3,13672	2,65190	3,13672	2,66266	3,13672	2,67420	3,13672	2,68652	3,13672	2,69969	3,13672	2,72916	3,13672	2,74577	3,13672	2,76364	3,13672	2,78248	3,13672	2,80170	
3,14953	2,66282	3,14953	2,67207	3,14953	2,68105	3,14953	2,68978	3,14953	2,69835	3,14953	2,71578	3,14953	2,72506	3,14953	2,73495	3,14953	2,74548	3,14953	2,75654	
3,16256	2,65027	3,16256	2,65974	3,16256	2,67009	3,16256	2,68141	3,16256	2,69373	3,16256	2,72114	3,16256	2,73581	3,16256	2,75064	3,16256	2,76524	3,16256	2,77921	
3,17522	2,68027	3,17522	2,68863	3,17522	2,69785	3,17522	2,70818	3,17522	2,72002	3,17522	2,75089	3,17522	2,77157	3,17522	2,79640	3,17522	2,82461	3,17522	2,85413	
3,18808	2,66271	3,18808	2,67390	3,18808	2,68507	3,18808	2,69617	3,18808	2,70721	3,18808	2,72914	3,18808	2,73997	3,18808	2,75059	3,18808	2,76088	3,18808	2,77071	
3,20085	2,67993	3,20085	2,69021	3,20085	2,70095	3,20085	2,71219	3,20085	2,72411	3,20085	2,75163	3,20085	2,76856	3,20085	2,78843	3,20085	2,81119	3,20085	2,83576	
3,21378	2,67422	3,21378	2,68686	3,21378	2,69983	3,21378	2,71304	3,21378	2,72644	3,21378	2,75375	3,21378	2,76753	3,21378	2,78122	3,21378	2,79462	3,21378	2,80751	
3,22660	2,68636	3,22660	2,69690	3,22660	2,70853	3,22660	2,72142	3,22660	2,73580	3,22660	2,76960	3,22660	2,78876	3,22660	2,80873	3,22660	2,82864	3,22660	2,84765	
3,23955	2,69707	3,23955	2,70587	3,23955	2,71557	3,23955	2,72632	3,23955	2,73824	3,23955	2,76556	3,23955	2,78059	3,23955	2,79597	3,23955	2,81117	3,23955	2,82570	
3,25237	2,70951	3,25237	2,71756	3,25237	2,72636	3,25237	2,73623	3,25237	2,74753	3,25237	2,77594	3,25237	2,79332	3,25237	2,81231	3,25237	2,83192	3,25237	2,85104	
3,26505	2,72970	3,26505	2,73786	3,26505	2,74686	3,26505	2,75675	3,26505	2,76753	3,26505	2,79127	3,26505	2,80370	3,26505	2,81604	3,26505	2,82790	3,26505	2,83904	
3,27807	2,72323	3,27807	2,73153	3,27807	2,74077	3,27807	2,75112	3,27807	2,76285	3,27807	2,79146	3,27807	2,80870	3,27807	2,82773	3,27807	2,84795	3,27807	2,86846	
3,29070	2,71598	3,29070	2,72755	3,29070	2,73955	3,29070	2,75199	3,29070	2,76488	3,29070	2,79199	3,29070	2,80597	3,29070	2,81986	3,29070	2,83334	3,29070	2,84607	
3,30363	2,73653	3,30363	2,74664	3,30363	2,75809	3,30363	2,77106	3,30363	2,78566	3,30363	2,81935	3,30363	2,83768	3,30363	2,85618	3,30363	2,87415	3,30363	2,89103	
3,31639	2,75115	3,31639	2,75810	3,31639	2,76587	3,31639	2,77455	3,31639	2,78422	3,31639	2,80629	3,31639	2,81827	3,31639	2,83038	3,31639	2,84220	3,31639	2,85339	
3,32940	2,74895	3,32940	2,75712	3,32940	2,76654	3,32940	2,77740	3,32940	2,78987	3,32940	2,81950	3,32940	2,83596	3,32940	2,85265	3,32940	2,86881	3,32940	2,88390	
3,34223	2,72543	3,34223	2,73899	3,34223	2,75369	3,34223	2,76944	3,34223	2,78599	3,34223	2,81990	3,34223	2,83628	3,34223	2,85166	3,34223	2,86578	3,34223	2,87851	
3,35507	2,76229	3,35507	2,77051	3,35507	2,77949	3,35507	2,78939	3,35507	2,80034	3,35507	2,82549	3,35507	2,83932	3,35507	2,85345	3,35507	2,86733	3,35507	2,88046	
3,36791	2,76302	3,36791	2,76971	3,36791	2,77772	3,36791	2,78744	3,36791	2,79932	3,36791	2,83086	3,36791	2,85021	3,36791	2,87079	3,36791	2,89129	3,36791	2,91058	
3,38057	2,78051	3,38057	2,78717	3,38057	2,79494	3,38057	2,80402	3,38057	2,81454	3,38057	2,83988	3,38057	2,85411	3,38057	2,86865	3,38057	2,88289	3,38057	2,89633	
3,39358	2,78323	3,39358	2,79179	3,39358	2,80153	3,39358	2,81253	3,39358	2,82478	3,39358	2,85222	3,39358	2,86660	3,39358	2,88074	3,39358	2,89419	3,39358	2,90667	
3,40637	2,75133	3,40637	2,76480	3,40637	2,77908	3,40637	2,79436	3,40637	2,81090	3,40637	2,84805	3,40637	2,86813	3,40637	2,88837	3,40637	2,90795	3,40637	2,92623	
3,41913	2,78471	3,41913	2,79396	3,41913	2,80394	3,41913	2,81454	3,41913	2,82559	3,41913	2,84812	3,41913	2,85911	3,41913	2,86967	3,41913	2,87965	3,41913	2,88897	
3,43201	2,78239	3,43201	2,79246	3,43201	2,80397	3,43201	2,81689	3,43201	2,83097	3,43201	2,86038	3,43201	2,87436	3,43201	2,88711	3,43201	2,89837	3,43201	2,90812	
3,44483	2,80940	3,44483	2,81822	3,44483	2,82786	3,44483	2,83841	3,44483	2,84998	3,44483	2,87614	3,44483	2,89045	3,44483	2,90516	3,44483	2,91983	3,44483	2,93404	
3,45773	2,79803	3,45773	2,80874	3,45773	2,82058	3,45773	2,83345	3,45773	2,84713	3,45773	2,87548	3,45773	2,88936	3,45773	2,90263	3,45773	2,91515	3,45773	2,92686	
3,47056	2,81577	3,47056	2,82762	3,47056	2,83995	3,47056	2,85267	3,47056	2,86567	3,47056	2,89220	3,47056	2,90559	3,47056	2,91895	3,47056	2,93217	3,47056	2,94511	
3,48330	2,79509	3,48330	2,80414	3,48330	2,81451	3,48330	2,82629	3,48330	2,83942	3,48330	2,86846	3,48330	2,88328	3,48330	2,89752	3,48330	2,91074	3,48330	2,92272	
3,49624	2,80884	3,49624	2,82045	3,49624	2,83307	3,49624	2,84657	3,49624	2,86074	3,49624	2,89017	3,49624	2,90496	3,49624	2,91957	3,49624	2,93385	3,49624	2,94764	
3,50907	2,81832	3,50907	2,82638	3,50907	2,83514	3,50907	2,84459	3,50907	2,85471	3,50907	2,87692	3,50907	2,88901	3,50907	2,90173	3,50907	2,91498	3,50907	2,92853	
3,52192	2,82691	3,52192	2,83705	3,52192	2,84851	3,52192	2,86125	3,52192	2,87510	3,52192	2,90458	3,52192	2,91926	3,52192	2,93336	3,52192	2,94661	3,52192	2,95890	
3,53466	2,84490	3,53466	2,85478	3,53466	2,86564	3,53466	2,87738	3,53466	2,88987	3,53466	2,91635	3,53466	2,92994	3,53466	2,94350	3,53466	2,95681	3,53466	2,96965	
3,54753	2,85621	3,54753	2,86397	3,54753	2,87268	3,54753	2,88232	3,54753	2,89282	3,54753	2,91551	3,54753	2,92715	3,54753	2,93860	3,54753	2,94965	3,54753	2,96016	
3,56038	2,85682	3,56038	2,86418	3,56038	2,87233	3,56038	2,88127	3,56038	2,89093	3,56038	2,91194	3,56038	2,92294	3,56038	2,93402	3,56038	2,94498	3,56038	2,95566	
3,57322	2,87188	3,57322	2,87861	3,57322	2,88605	3,57322	2,89425	3,57322	2,90321	3,57322	2,92331	3,57322	2,93422	3,57322	2,94545	3,57322	2,95669	3,57322	2,96768	
3,58602	2,85970	3,58602	2,87137	3,58602	2,88354	3,58602	2,89599	3,58602	2,90850	3,58602	2,93287	3,58602	2,94446	3,58602	2,95555	3,58602	2,96608	3,58602	2,97602	
3,59890	2,86950	3,59890	2,87505	3,59890	2,88122	3,59890	2,88803	3,59890	2,89550	3,59890	2,91233	3,59890	2,92152	3,59890	2,93105	3,59890	2,94071	3,59890	2,95029	
3,61172	2,86572	3,61172	2,87381	3,61172	2,88256	3,61172	2,89198	3,61172	2,90211	3,61172	2,92459	3,61172	2,93700	3,61172	2,95012	3,61172	2,96374	3,61172	2,97753	
3,62459	2,88466	3,62459	2,89206	3,62459	2,89997	3,62459	2,90847	3,62459	2,91763	3,62459	2,93826	3,62459	2,94981	3,62459	2,96209	3,62459	2,97487	3,62459	2,98782	
3,63739	2,86810	3,63739	2,87358	3,63739	2,87982	3,63739	2,88693	3,63739	2,89502	3,63739	2,91431	3,63739	2,92532	3,63739	2,93689	3,63739	2,94862	3,63739	2,96008	
3,65021	2,89596	3,65021	2,90265	3,65021	2,90977	3,65021	2,91723	3,65021	2,92489	3,65021	2,94020	3,65021	2,94757	3,65021	2,95460	3,65021	2,96124	3,65021	2,96745	
3,66304	2,89921	3,66304	2,90541	3,66304	2,91241	3,66304	2,92035	3,66304	2,92934	3,66304	2,95075	3,66304	2,96301	3,66304	2,97595	3,66304	2,98910	3,66304	3,00196	
3,67596	2,89457	3,67596	2,89930	3,67596	2,90479	3,67596	2,91120	3,67596	2,91871	3,67596	2,93775	3,67596	2,94949	3,67596	2,96256	3,67596	2,97658	3,67596	2,99095	
3,68878	2,90554	3,68878	2,91179	3,68878	2,91832	3,68878	2,92508	3,68878	2,93208	3,68878	2,94674	3,68878	2,95436	3,68878	2,96213	3,68878	2,96998	3,68878	2,97783	
3,70157	2,89487	3,70157	2,90448	3,70157	2,91471	3,70157	2,92540	3,70157	2,93633	3,70157	2,95790	3,70157	2,96810	3,70157	2,97770	3,70157	2,98663	3,70157	2,99487	
3,71441	2,89225	3,71441	2,90305	3,71441	2,91426	3,71441	2,92568	3,71441	2,93707	3,71441	2,95883	3,71441	2,96879	3,71441	2,97796	3,71441	2,98627	3,71441	2,99373	
3,72730	2,91769	3,72730	2,92679	3,72730	2,93669	3,72730	2,94736	3,72730	2,95871	3,72730	2,98276	3,72730	2,99493	3,72730	3,00680	3,72730	3,01808	3,72730	3,02857	
3,74013	2,90766	3,74013	2,91588	3,74013	2,92512	3,74013	2,93547	3,74013	2,94700	3,74013	2,97336	3,74013	2,98766	3,74013	3,00208	3,74013	3,01606	3,74013	3,02911	
3,75297	2,93348	3,75297	2,94542	3,75297	2,95790	3,75297	2,97043	3,75297	2,98252	3,75297	3,00396	3,75297	3,01306	3,75297	3,02113	3,75297	3,02830	3,75297	3,03472	
3,76574	2,91803	3,76574	2,92803	3,76574	2,93835	3,76574	2,94866	3,76574	2,95859	3,76574	2,97635	3,76574	2,98394	3,76574	2,99068	3,76574	2,99664	3,76574	3,00191	
3,77859	2,94377	3,77859	2,95479	3,77859	2,96545	3,77859	2,97542	3,77859	2,98448	3,77859	2,99965	3,77859	3,00588	3,77859	3,01136	3,77859	3,01620	3,77859	3,02049	
3,79148	2,93737	3,79148	2,95169	3,79148	2,96607	3,79148	2,98002	3,79148	2,99317	3,79148	3,01666	3,79148	3,02711	3,79148	3,03685	3,79148	3,04597	3,79148	3,05453	
3,80428	2,92636	3,80428	2,94028	3,80428	2,95517	3,80428	2,97063	3,80428	2,98615	3,80428	3,01521	3,80428	3,02798	3,80428	3,03935	3,80428	3,04933	3,80428	3,05802	
3,81710	2,94687	3,81710	2,96484	3,81710	2,98391	3,81710	3,00310	3,81710	3,02137	3,81710	3,05271	3,81710	3,06559	3,81710	3,07691	3,81710	3,08697	3,81710	3,09604	
3,82995	2,98541	3,82995	2,99316	3,82995	3,00131	3,82995	3,00978	3,82995	3,01848	3,82995	3,03602	3,82995	3,04463	3,82995	3,05298	3,82995	3,06098	3,82995	3,06857	
3,84280	3,01659	3,84280	3,02024	3,84280	3,02436	3,84280	3,02901	3,84280	3,03422	3,84280	3,04630	3,84280	3,05305	3,84280	3,06009	3,84280	3,06727	3,84280	3,07439	
3,85564	3,00752	3,85564	3,01312	3,85564	3,01927	3,85564	3,02606	3,85564	3,03357	3,85564	3,05095	3,85564	3,06076	3,85564	3,07112	3,85564	3,08176	3,85564	3,09236	
3,86847	3,05284	3,86847	3,05526	3,86847	3,05784	3,86847	3,06054	3,86847	3,06336	3,86847	3,06926	3,86847	3,07229	3,86847	3,07531	3,86847	3,07831	3,86847	3,08126	
3,88133	3,07419	3,88133	3,07699	3,88133	3,08000	3,88133	3,08325	3,88133	3,08670	3,88133	3,09418	3,88133	3,09815	3,88133	3,10221	3,88133	3,10633	3,88133	3,11044	
3,89415	3,03916	3,89415	3,04664	3,89415	3,05399	3,89415	3,06107	3,89415	3,06779	3,89415	3,08002	3,89415	3,08554	3,89415	3,09069	3,89415	3,09550	3,89415	3,10001	
3,90698	3,03190	3,90698	3,03763	3,90698	3,04410	3,90698	3,05154	3,90698	3,06025	3,90698	3,08270	3,90698	3,09677	3,90698	3,11242	3,90698	3,12888	3,90698	3,14519	
3,91981	3,02122	3,91981	3,02472	3,91981	3,02864	3,91981	3,03304	3,91981	3,03797	3,91981	3,04949	3,91981	3,05603	3,91981	3,06298	3,91981	3,07021	3,91981	3,07752	
3,93268	3,05330	3,93268	3,05902	3,93268	3,06569	3,93268	3,07343	3,93268	3,08233	3,93268	3,10337	3,93268	3,11496	3,93268	3,12666	3,93268	3,13797	3,93268	3,14850	
3,94552	3,08665	3,94552	3,09231	3,94552	3,09829	3,94552	3,10449	3,94552	3,11080	3,94552	3,12326	3,94552	3,12914	3,94552	3,13467	3,94552	3,13979	3,94552	3,14447	
3,95832	3,07268	3,95832	3,08039	3,95832	3,08911	3,95832	3,09895	3,95832	3,11000	3,95832	3,13559	3,95832	3,14966	3,95832	3,16398	3,95832	3,17801	3,95832	3,19127	
3,97118	3,07405	3,97118	3,08023	3,97118	3,08745	3,97118	3,09602	3,97118	3,10629	3,97118	3,13298	3,97118	3,14925	3,97118	3,16664	3,97118	3,18410	3,97118	3,20061	
3,98403	3,03935	3,98403	3,04348	3,98403	3,04820	3,98403	3,05355	3,98403	3,05955	3,98403	3,07318	3,98403	3,08054	3,98403	3,08798	3,98403	3,09530	3,98403	3,10229	
3,99686	3,08136	3,99686	3,08668	3,99686	3,09215	3,99686	3,09767	3,99686	3,10313	3,99686	3,11342	3,99686	3,11810	3,99686	3,12240	3,99686	3,12633	3,99686	3,12987	
4,00966	3,06506	4,00966	3,07083	4,00966	3,07804	4,00966	3,08724	4,00966	3,09914	4,00966	3,13351	4,00966	3,15583	4,00966	3,17972	4,00966	3,20298	4,00966	3,22390	
4,02251	3,09946	4,02251	3,10360	4,02251	3,10819	4,02251	3,11326	4,02251	3,11878	4,02251	3,13090	4,02251	3,13726	4,02251	3,14364	4,02251	3,14989	4,02251	3,15586	
4,03535	3,11544	4,03535	3,12044	4,03535	3,12685	4,03535	3,13537	4,03535	3,14703	4,03535	3,18436	4,03535	3,21050	4,03535	3,23906	4,03535	3,26662	4,03535	3,29077	
4,04821	3,11741	4,04821	3,11890	4,04821	3,12043	4,04821	3,12199	4,04821	3,12359	4,04821	3,12686	4,04821	3,12852	4,04821	3,13019	4,04821	3,13187	4,04821	3,13353	
4,06104	3,10463	4,06104	3,10863	4,06104	3,11300	4,06104	3,11773	4,06104	3,12280	4,06104	3,13371	4,06104	3,13939	4,06104	3,14508	4,06104	3,15069	4,06104	3,15611	
4,07386	3,13920	4,07386	3,14140	4,07386	3,14365	4,07386	3,14594	4,07386	3,14825	4,07386	3,15292	4,07386	3,15524	4,07386	3,15755	4,07386	3,15982	4,07386	3,16206	
4,08672	3,15747	4,08672	3,16525	4,08672	3,17433	4,08672	3,18478	4,08672	3,19656	4,08672	3,22300	4,08672	3,23668	4,08672	3,24992	4,08672	3,26226	4,08672	3,27343	
4,09954	3,15408	4,09954	3,16207	4,09954	3,17132	4,09954	3,18185	4,09954	3,19347	4,09954	3,21838	4,09954	3,23057	4,09954	3,24192	4,09954	3,25214	4,09954	3,26112	
4,11237	3,15234	4,11237	3,15962	4,11237	3,16821	4,11237	3,17835	4,11237	3,19024	4,11237	3,21924	4,11237	3,23557	4,11237	3,25209	4,11237	3,26792	4,11237	3,28239	
4,12522	3,15244	4,12522	3,15402	4,12522	3,15563	4,12522	3,15725	4,12522	3,15887	4,12522	3,16209	4,12522	3,16366	4,12522	3,16520	4,12522	3,16670	4,12522	3,16814	
4,13805	3,16509	4,13805	3,16844	4,13805	3,17190	4,13805	3,17545	4,13805	3,17903	4,13805	3,18610	4,13805	3,18949	4,13805	3,19272	4,13805	3,19578	4,13805	3,19864	
4,15088	3,17570	4,15088	3,18058	4,15088	3,18571	4,15088	3,19101	4,15088	3,19642	4,15088	3,20714	4,15088	3,21226	4,15088	3,21714	4,15088	3,22171	4,15088	3,22596	
4,16373	3,16850	4,16373	3,17379	4,16373	3,17963	4,16373	3,18603	4,16373	3,19297	4,16373	3,20807	4,16373	3,21593	4,16373	3,22373	4,16373	3,23131	4,16373	3,23849	
4,17655	3,19708	4,17655	3,20866	4,17655	3,22175	4,17655	3,23617	4,17655	3,25162	4,17655	3,28343	4,17655	3,29862	4,17655	3,31269	4,17655	3,32538	4,17655	3,33660	
4,18941	3,21530	4,18941	3,22905	4,18941	3,24700	4,18941	3,27014	4,18941	3,29845	4,18941	3,36071	4,18941	3,38727	4,18941	3,40821	4,18941	3,42397	4,18941	3,43567	
4,20224	3,19903	4,20224	3,21108	4,20224	3,22745	4,20224	3,24942	4,20224	3,27751	4,20224	3,34326	4,20224	3,37262	4,20224	3,39617	4,20224	3,41412	4,20224	3,42765	
4,21508	3,21287	4,21508	3,22569	4,21508	3,24143	4,21508	3,26039	4,21508	3,28234	4,21508	3,33027	4,21508	3,35262	4,21508	3,37207	4,21508	3,38828	4,21508	3,40148	
4,22791	3,21307	4,22791	3,22851	4,22791	3,24731	4,22791	3,26905	4,22791	3,29221	4,22791	3,33408	4,22791	3,34986	4,22791	3,36206	4,22791	3,37131	4,22791	3,37833	
4,24075	3,21035	4,24075	3,22270	4,24075	3,23681	4,24075	3,25218	4,24075	3,26787	4,24075	3,29604	4,24075	3,30718	4,24075	3,31620	4,24075	3,32335	4,24075	3,32897	
4,25358	3,21883	4,25358	3,22764	4,25358	3,23717	4,25358	3,24712	4,25358	3,25707	4,25358	3,27534	4,25358	3,28308	4,25358	3,28977	4,25358	3,29544	4,25358	3,30021	
4,26642	3,21656	4,26642	3,22140	4,26642	3,22635	4,26642	3,23131	4,26642	3,23615	4,26642	3,24513	4,26642	3,24912	4,26642	3,25273	4,26642	3,25596	4,26642	3,25883	
4,27926	3,21399	4,27926	3,21847	4,27926	3,22306	4,27926	3,22765	4,27926	3,23217	4,27926	3,24061	4,27926	3,24442	4,27926	3,24792	4,27926	3,25108	4,27926	3,25392	
4,29210	3,22593	4,29210	3,23305	4,29210	3,24054	4,29210	3,24817	4,29210	3,25568	4,29210	3,26939	4,29210	3,27527	4,29210	3,28042	4,29210	3,28485	4,29210	3,28862	
4,30494	3,23127	4,30494	3,24199	4,30494	3,25390	4,30494	3,26656	4,30494	3,27930	4,30494	3,30227	4,30494	3,31160	4,30494	3,31935	4,30494	3,32566	4,30494	3,33075	
4,31777	3,23602	4,31777	3,25127	4,31777	3,26990	4,31777	3,29158	4,31777	3,31498	4,31777	3,35840	4,31777	3,37533	4,31777	3,38874	4,31777	3,39919	4,31777	3,40735	
4,33062	3,24725	4,33062	3,26410	4,33062	3,28529	4,33062	3,31063	4,33062	3,33834	4,33062	3,38864	4,33062	3,40708	4,33062	3,42094	4,33062	3,43119	4,33062	3,43884	
4,34345	3,23007	4,34345	3,24172	4,34345	3,25731	4,34345	3,27776	4,34345	3,30322	4,34345	3,36092	4,34345	3,38638	4,34345	3,40684	4,34345	3,42242	4,34345	3,43407	
4,35629	3,28306	4,35629	3,29376	4,35629	3,30759	4,35629	3,32504	4,35629	3,34597	4,35629	3,39230	4,35629	3,41324	4,35629	3,43068	4,35629	3,44451	4,35629	3,45521	
4,36912	3,34151	4,36912	3,34945	4,36912	3,35888	4,36912	3,36982	4,36912	3,38200	4,36912	3,40782	4,36912	3,42001	4,36912	3,43094	4,36912	3,44037	4,36912	3,44831	
4,38196	3,35925	4,38196	3,36294	4,38196	3,36691	4,38196	3,37112	4,38196	3,37549	4,38196	3,38442	4,38196	3,38880	4,38196	3,39300	4,38196	3,39697	4,38196	3,40067	
4,39480	3,37389	4,39480	3,37420	4,39480	3,37450	4,39480	3,37481	4,39480	3,37512	4,39480	3,37573	4,39480	3,37604	4,39480	3,37635	4,39480	3,37665	4,39480	3,37696	
4,40765	3,39732	4,40765	3,39732	4,40765	3,39733	4,40765	3,39733	4,40765	3,39733	4,40765	3,39733	4,40765	3,39733	4,40765	3,39733	4,40765	3,39734	4,40765	3,39734	
4,42047	3,39506	4,42047	3,39527	4,42047	3,39547	4,42047	3,39568	4,42047	3,39589	4,42047	3,39630	4,42047	3,39651	4,42047	3,39671	4,42047	3,39692	4,42047	3,39712	
4,43331	3,40100	4,43331	3,40108	4,43331	3,40116	4,43331	3,40123	4,43331	3,40131	4,43331	3,40146	4,43331	3,40154	4,43331	3,40162	4,43331	3,40170	4,43331	3,40177	
4,44615	3,40388	4,44615	3,40389	4,44615	3,40389	4,44615	3,40390	4,44615	3,40391	4,44615	3,40392	4,44615	3,40392	4,44615	3,40393	4,44615	3,40394	4,44615	3,40394	
4,45899	3,39489	4,45899	3,39493	4,45899	3,39498	4,45899	3,39502	4,45899	3,39506	4,45899	3,39514	4,45899	3,39518	4,45899	3,39522	4,45899	3,39527	4,45899	3,39531	
4,47182	3,39240	4,47182	3,39259	4,47182	3,39279	4,47182	3,39299	4,47182	3,39319	4,47182	3,39359	4,47182	3,39378	4,47182	3,39398	4,47182	3,39418	4,47182	3,39438	
4,48466	3,45689	4,48466	3,45796	4,48466	3,45906	4,48466	3,46017	4,48466	3,46130	4,48466	3,46356	4,48466	3,46469	4,48466	3,46580	4,48466	3,46690	4,48466	3,46797	
4,49750	3,51141	4,49750	3,51535	4,49750	3,51960	4,49750	3,52413	4,49750	3,52885	4,49750	3,53851	4,49750	3,54323	4,49750	3,54776	4,49750	3,55202	4,49750	3,55595	
4,51033	3,54017	4,51033	3,54365	4,51033	3,54738	4,51033	3,55132	4,51033	3,55540	4,51033	3,56372	4,51033	3,56780	4,51033	3,57173	4,51033	3,57546	4,51033	3,57894	
4,52317	3,52156	4,52317	3,52156	4,52317	3,52156	4,52317	3,52156	4,52317	3,52156	4,52317	3,52156	4,52317	3,52156	4,52317	3,52156	4,52317	3,52156	4,52317	3,52156	
4,53602	3,54280	4,53602	3,54280	4,53602	3,54280	4,53602	3,54280	4,53602	3,54280	4,53602	3,54280	4,53602	3,54280	4,53602	3,54280	4,53602	3,54280	4,53602	3,54280	
4,54884	3,58430	4,54884	3,58430	4,54884	3,58430	4,54884	3,58430	4,54884	3,58430	4,54884	3,58430	4,54884	3,58430	4,54884	3,58430	4,54884	3,58430	4,54884	3,58430	
4,56169	3,62041	4,56169	3,62041	4,56169	3,62041	4,56169	3,62041	4,56169	3,62041	4,56169	3,62041	4,56169	3,62041	4,56169	3,62041	4,56169	3,62041	4,56169	3,62041	
4,57452	3,64201	4,57452	3,64201	4,57452	3,64201	4,57452	3,64201	4,57452	3,64201	4,57452	3,64201	4,57452	3,64201	4,57452	3,64201	4,57452	3,64201	4,57452	3,64201	
4,58736	3,66259	4,58736	3,66259	4,58736	3,66259	4,58736	3,66259	4,58736	3,66259	4,58736	3,66259	4,58736	3,66259	4,58736	3,66259	4,58736	3,66259	4,58736	3,66259	
4,60020	3,67568	4,60020	3,67568	4,60020	3,67568	4,60020	3,67568	4,60020	3,67568	4,60020	3,67568	4,60020	3,67568	4,60020	3,67568	4,60020	3,67568	4,60020	3,67568	
4,61304	3,68459	4,61304	3,68459	4,61304	3,68459	4,61304	3,68459	4,61304	3,68459	4,61304	3,68459	4,61304	3,68459	4,61304	3,68459	4,61304	3,68459	4,61304	3,68459	
4,62587	3,68928	4,62587	3,68928	4,62587	3,68928	4,62587	3,68928	4,62587	3,68928	4,62587	3,68928	4,62587	3,68928	4,62587	3,68928	4,62587	3,68928	4,62587	3,68928	
4,63871	3,68507	4,63871	3,68507	4,63871	3,68507	4,63871	3,68507	4,63871	3,68507	4,63871	3,68507	4,63871	3,68507	4,63871	3,68507	4,63871	3,68507	4,63871	3,68507	
4,65155	3,67888	4,65155	3,67888	4,65155	3,67888	4,65155	3,67888	4,65155	3,67888	4,65155	3,67888	4,65155	3,67888	4,65155	3,67888	4,65155	3,67888	4,65155	3,67888	
4,66438	3,67290	4,66438	3,67290	4,66438	3,67290	4,66438	3,67290	4,66438	3,67290	4,66438	3,67290	4,66438	3,67290	4,66438	3,67290	4,66438	3,67290	4,66438	3,67290	
4,67722	3,66791	4,67722	3,66791	4,67722	3,66791	4,67722	3,66791	4,67722	3,66791	4,67722	3,66791	4,67722	3,66791	4,67722	3,66791	4,67722	3,66791	4,67722	3,66791	
4,69005	3,66233	4,69005	3,66233	4,69005	3,66233	4,69005	3,66233	4,69005	3,66233	4,69005	3,66233	4,69005	3,66233	4,69005	3,66233	4,69005	3,66233	4,69005	3,66233	
4,70290	3,65796	4,70290	3,65796	4,70290	3,65796	4,70290	3,65796	4,70290	3,65796	4,70290	3,65796	4,70290	3,65796	4,70290	3,65796	4,70290	3,65796	4,70290	3,65796	
4,71573	3,65303	4,71573	3,65303	4,71573	3,65303	4,71573	3,65303	4,71573	3,65303	4,71573	3,65303	4,71573	3,65303	4,71573	3,65303	4,71573	3,65303	4,71573	3,65303	
4,72857	3,64740	4,72857	3,64740	4,72857	3,64740	4,72857	3,64740	4,72857	3,64740	4,72857	3,64740	4,72857	3,64740	4,72857	3,64740	4,72857	3,64740	4,72857	3,64740	
4,74140	3,64140	4,74140	3,64140	4,74140	3,64140	4,74140	3,64140	4,74140	3,64140	4,74140	3,64140	4,74140	3,64140	4,74140	3,64140	4,74140	3,64140	4,74140	3,64140	
4,75424	3,63541	4,75424	3,63541	4,75424	3,63541	4,75424	3,63541	4,75424	3,63541	4,75424	3,63541	4,75424	3,63541	4,75424	3,63541	4,75424	3,63541	4,75424	3,63541	
4,76708	3,63139	4,76708	3,63139	4,76708	3,63139	4,76708	3,63139	4,76708	3,63139	4,76708	3,63139	4,76708	3,63139	4,76708	3,63139	4,76708	3,63139	4,76708	3,63139	
4,77992	3,62935	4,77992	3,62935	4,77992	3,62935	4,77992	3,62935	4,77992	3,62935	4,77992	3,62935	4,77992	3,62935	4,77992	3,62935	4,77992	3,62935	4,77992	3,62935	
4,79276	3,65884	4,79276	3,65884	4,79276	3,65884	4,79276	3,65884	4,79276	3,65884	4,79276	3,65884	4,79276	3,65884	4,79276	3,65884	4,79276	3,65884	4,79276	3,65884	
