# MesswertTabelle
#
# M e s s w e r t t a b e l l e  der Reihen:
#
# Q_8760_350_100_5 [349,349] Werte
# q_8760_350_100_5 [349,349] Werte
# Q_8760_350_200_5 [349,349] Werte
# q_8760_350_200_5 [349,349] Werte
# Q_8760_350_300_5 [349,349] Werte
# q_8760_350_300_5 [349,349] Werte
# Q_8760_350_400_5 [349,349] Werte
# q_8760_350_400_5 [349,349] Werte
# Q_8760_350_500_5 [349,349] Werte
# q_8760_350_500_5 [349,349] Werte
#
#
#y	y	y	y	y	y	y	y	y	y	y	
0,01167	1,00202	-0,95354	0,98572	-0,93288	0,99662	-0,90617	0,99956	-0,88222	0,99590	-0,83609	
0,02289	0,95916	-0,91428	0,91396	-0,83706	0,89763	-0,76003	0,86849	-0,67517	0,85248	-0,64528	
0,03459	0,93506	-0,84585	0,89532	-0,75145	0,83351	-0,65546	0,79502	-0,56725	0,75158	-0,48795	
0,04566	0,89827	-0,79216	0,86030	-0,68715	0,76577	-0,56971	0,69410	-0,46109	0,65218	-0,38180	
0,05820	0,86042	-0,78357	0,76169	-0,57135	0,69832	-0,46076	0,63474	-0,36489	0,58323	-0,27429	
0,06978	0,85234	-0,73088	0,75919	-0,56070	0,67216	-0,41317	0,60197	-0,29645	0,54032	-0,21813	
0,08183	0,82424	-0,64444	0,71718	-0,49648	0,60161	-0,37274	0,54787	-0,23477	0,49655	-0,17670	
0,09320	0,80771	-0,66401	0,63964	-0,39196	0,55723	-0,27162	0,46015	-0,19279	0,43037	-0,11559	
0,10303	0,78666	-0,59140	0,62416	-0,40376	0,55158	-0,27208	0,47882	-0,17959	0,41616	-0,08877	
0,11659	0,76162	-0,57576	0,59696	-0,34953	0,48497	-0,18742	0,43962	-0,16002	0,37455	-0,06829	
0,12775	0,75267	-0,58827	0,55528	-0,31069	0,46818	-0,16671	0,39293	-0,09116	0,37274	-0,02827	
0,13873	0,71814	-0,55784	0,56690	-0,31108	0,44735	-0,16586	0,40052	-0,11055	0,38122	-0,06520	
0,15047	0,71111	-0,53333	0,54389	-0,23260	0,44276	-0,15984	0,37622	-0,08095	0,35850	-0,01445	
0,16397	0,71919	-0,52929	0,50537	-0,19368	0,40484	-0,12844	0,34874	-0,03944	0,31249	-0,00528	
0,17500	0,64972	-0,43908	0,51486	-0,21946	0,40461	-0,11265	0,33888	-0,05015	0,32953	-0,01847	
0,18757	0,63158	-0,43733	0,46720	-0,19368	0,36842	-0,07890	0,33628	-0,02933	0,32649	-0,02397	
0,19754	0,62074	-0,42391	0,43308	-0,15324	0,35465	-0,07009	0,30777	-0,02050	0,31803	-0,01758	
0,20632	0,60093	-0,35875	0,44808	-0,17031	0,37075	-0,05340	0,34646	-0,00723	0,30917	-0,00426	
0,21981	0,56092	-0,34528	0,41405	-0,13513	0,33575	-0,06182	0,33908	-0,03104	0,31235	-0,00721	
0,22650	0,59859	-0,34218	0,39495	-0,09878	0,35119	-0,01491	0,29143	-0,02092	0,30651	-0,01704	
0,23970	0,55288	-0,31605	0,39593	-0,12620	0,35645	-0,05346	0,29590	-0,01193	0,29807	-0,01176	
0,25223	0,58545	-0,29271	0,37845	-0,08276	0,33545	-0,01306	0,32631	-0,01688	0,33634	0,00548	
0,26309	0,50932	-0,26899	0,38245	-0,07832	0,31626	-0,05890	0,29302	0,00247	0,31978	-0,00260	
0,27631	0,49535	-0,24676	0,35485	-0,11085	0,31771	-0,01295	0,29946	-0,01880	0,29754	-0,01069	
0,28713	0,49617	-0,25785	0,36939	-0,08045	0,30199	-0,02121	0,31566	-0,01688	0,31649	0,00250	
0,29539	0,51978	-0,31299	0,33149	-0,06301	0,29347	-0,00997	0,29997	-0,01434	0,30543	-0,01275	
0,30960	0,55277	-0,28651	0,34839	-0,03879	0,31279	-0,00335	0,30095	-0,01849	0,29975	-0,01200	
0,32411	0,50429	-0,22989	0,34625	-0,03374	0,29374	-0,00957	0,27088	-0,00762	0,31334	-0,02881	
0,33399	0,48679	-0,24131	0,32883	-0,02247	0,29579	0,00138	0,28083	0,00351	0,30335	-0,00004	
0,34699	0,43826	-0,17452	0,33561	-0,08149	0,31160	-0,01292	0,30389	-0,01334	0,29287	0,00953	
0,36381	0,43434	-0,20404	0,32008	-0,03065	0,29636	-0,02591	0,28908	-0,01401	0,29720	-0,00988	
0,36768	0,42851	-0,16094	0,30530	-0,04164	0,27684	0,02049	0,28601	0,01082	0,29041	-0,00003	
0,37748	0,39808	-0,13697	0,31381	-0,00112	0,28745	-0,00271	0,28404	0,01635	0,30594	0,00306	
0,39503	0,40897	-0,12358	0,30971	-0,02228	0,26784	-0,00747	0,30461	0,00681	0,29408	0,00492	
0,40626	0,43517	-0,18495	0,29511	-0,01335	0,28150	-0,01287	0,31680	-0,00464	0,29894	0,00489	
0,41482	0,47553	-0,13608	0,29839	-0,01530	0,29151	-0,01027	0,28926	0,00111	0,29387	-0,00165	
0,43074	0,41095	-0,16609	0,29860	-0,00630	0,29950	-0,00467	0,29690	0,01367	0,28792	-0,00159	
0,44214	0,38130	-0,13389	0,28517	-0,02337	0,28248	-0,01070	0,28540	0,01079	0,31915	-0,00373	
0,44895	0,38105	-0,10934	0,30886	-0,03346	0,26338	-0,02645	0,28288	0,01475	0,29197	0,00794	
0,46023	0,40816	-0,16531	0,29768	-0,06189	0,29690	-0,02579	0,29334	0,00562	0,28157	-0,01972	
0,47135	0,39008	-0,11251	0,30460	-0,04567	0,27450	-0,01130	0,28373	-0,01537	0,30172	-0,02914	
0,49115	0,39272	-0,08103	0,28959	0,00495	0,28451	-0,02257	0,29118	0,00506	0,30569	-0,01575	
0,50427	0,34199	-0,09703	0,27988	-0,01106	0,27492	-0,01235	0,30018	0,03239	0,30784	-0,02076	
0,50127	0,37350	-0,07392	0,27998	-0,02531	0,28002	-0,02374	0,28180	-0,00026	0,29676	-0,00210	
0,51639	0,36805	-0,15034	0,29271	-0,03155	0,27300	-0,00133	0,30239	0,00102	0,30423	-0,00011	
0,52647	0,37358	-0,06568	0,27545	0,00501	0,26413	0,00138	0,29665	0,01172	0,30960	0,01743	
0,54415	0,35986	-0,06900	0,25087	0,00496	0,26700	-0,01155	0,27960	0,00356	0,29122	-0,02021	
0,54868	0,31745	-0,09369	0,28028	-0,00710	0,28631	-0,01156	0,30446	-0,00959	0,29634	-0,01076	
0,56905	0,35758	-0,07273	0,27278	-0,02529	0,27457	-0,00204	0,29368	-0,01280	0,29113	-0,02797	
0,57337	0,32603	-0,04119	0,30512	0,00103	0,27872	0,03630	0,28990	0,01840	0,30498	0,00571	
0,58574	0,33545	-0,06504	0,29321	0,00714	0,28221	0,00617	0,28491	-0,00969	0,29061	0,00126	
0,60653	0,34199	-0,01229	0,27443	-0,00413	0,29346	-0,00211	0,28805	-0,00359	0,29297	-0,02033	
0,61360	0,34620	-0,08493	0,28644	-0,00617	0,27901	-0,01300	0,29088	-0,00461	0,30170	0,00699	
0,61923	0,33331	-0,06087	0,25578	0,00426	0,27552	-0,03123	0,27483	-0,01695	0,29591	-0,00327	
0,64212	0,30365	-0,04263	0,27766	0,01220	0,26822	-0,01286	0,31271	0,01019	0,28843	0,00498	
0,64184	0,33302	-0,03865	0,27608	-0,01215	0,26860	-0,00818	0,29106	-0,00614	0,28459	-0,00366	
0,65017	0,32431	0,00398	0,28340	-0,00117	0,28505	0,00053	0,28566	0,01337	0,30036	-0,01128	
0,66079	0,33293	-0,01699	0,25487	0,00304	0,30693	0,02301	0,27528	0,01943	0,29502	0,00120	
0,68393	0,31284	-0,06069	0,25581	0,00003	0,28811	-0,01641	0,29831	-0,00194	0,30774	0,00006	
0,68701	0,32038	-0,11044	0,26648	0,01041	0,28639	-0,00200	0,29360	-0,01440	0,28798	0,02188	
0,70642	0,30825	-0,07706	0,29022	0,01490	0,26675	-0,00069	0,28183	0,01427	0,29530	0,01486	
0,70538	0,26518	-0,01898	0,27382	-0,02133	0,25429	-0,00618	0,26482	0,01387	0,29267	-0,00618	
0,73169	0,30505	-0,05657	0,26907	-0,00708	0,28063	-0,00071	0,28393	-0,01431	0,29410	0,02020	
0,73164	0,34211	-0,07537	0,26633	-0,02822	0,26729	-0,01409	0,27872	0,01490	0,31046	0,00538	
0,75433	0,30029	-0,03655	0,25351	-0,01025	0,27589	-0,01974	0,29365	0,00003	0,28789	-0,00040	
0,75332	0,28184	-0,01993	0,25247	-0,00418	0,27082	0,01351	0,30353	-0,00461	0,29931	-0,01075	
0,77909	0,32845	0,00833	0,27804	0,00925	0,28946	-0,00281	0,26936	-0,00102	0,29340	0,00290	
0,78376	0,27377	-0,02189	0,25309	-0,01423	0,25586	-0,00886	0,29077	0,00926	0,29915	0,00082	
0,79197	0,30181	-0,06683	0,24959	-0,00508	0,28841	-0,00671	0,26281	0,00257	0,28037	0,00408	
0,80418	0,29072	-0,02882	0,25696	-0,00601	0,28737	0,02749	0,27118	0,00041	0,30188	-0,00076	
0,81201	0,29038	-0,01229	0,29319	-0,00410	0,25699	0,01163	0,27426	0,00615	0,29384	-0,00528	
0,82427	0,26811	-0,01004	0,25457	-0,00805	0,28521	-0,01498	0,27708	-0,01080	0,30316	0,00821	
0,83917	0,27172	0,02822	0,27726	-0,01939	0,28576	-0,00688	0,28066	-0,00670	0,29321	0,00371	
0,85096	0,28458	-0,00388	0,26766	-0,01625	0,29712	-0,01840	0,28050	0,00661	0,29605	0,01196	
0,86663	0,29198	0,02653	0,24935	-0,01090	0,27653	-0,01973	0,27163	-0,00964	0,29786	0,01065	
0,87341	0,26690	-0,04713	0,30115	-0,00814	0,26543	-0,00080	0,27183	0,00875	0,30162	0,01510	
0,89627	0,26061	-0,02020	0,25168	-0,01199	0,28521	-0,00912	0,28130	0,00821	0,29945	-0,01359	
0,89217	0,29544	-0,01847	0,27645	-0,02030	0,26450	0,00686	0,25676	-0,01228	0,30462	0,01720	
0,90649	0,28644	-0,00793	0,25843	0,00106	0,26363	0,00420	0,26514	-0,02376	0,29485	0,01647	
0,92786	0,24848	0,01414	0,27531	-0,01930	0,27031	0,01344	0,29081	0,00759	0,29737	-0,01551	
0,93122	0,26337	-0,02274	0,27914	-0,00488	0,28239	0,01089	0,26608	-0,01323	0,28866	-0,00035	
0,94596	0,29127	0,01002	0,26527	0,01028	0,29228	-0,00272	0,28706	-0,00203	0,31294	0,00490	
0,95769	0,23548	-0,00390	0,28486	-0,01633	0,26308	0,01219	0,30131	0,00106	0,29801	0,00752	
0,96017	0,29592	-0,04490	0,29265	0,00911	0,28442	0,00545	0,27733	0,00105	0,30038	-0,02153	
0,97421	0,29458	0,01031	0,25841	-0,00619	0,28338	0,00689	0,30245	-0,02148	0,30290	-0,00115	
0,99431	0,25133	-0,02414	0,25609	-0,02728	0,26804	-0,01097	0,27896	-0,00058	0,30238	-0,00661	
1,00352	0,25286	-0,02022	0,25013	-0,00818	0,27177	-0,01526	0,27776	-0,00309	0,29042	-0,00091	
1,02662	0,26160	0,02228	0,25688	-0,02437	0,26903	0,00619	0,28499	0,01847	0,28999	-0,00609	
1,02136	0,28654	0,00794	0,27306	-0,00604	0,29039	0,00334	0,28123	-0,01709	0,30058	-0,01527	
1,03141	0,25887	-0,01622	0,25644	-0,01193	0,28781	-0,01823	0,27472	0,00828	0,31610	0,00037	
1,04296	0,28050	-0,03251	0,26256	0,02024	0,27595	0,02807	0,30308	0,00813	0,28113	-0,00403	
1,05510	0,27709	-0,04320	0,27817	-0,00398	0,26550	-0,00063	0,27714	0,01605	0,28054	-0,00994	
1,07318	0,26310	-0,06883	0,27531	0,00814	0,30748	-0,02651	0,30058	0,02255	0,28590	-0,00617	
1,08323	0,24095	0,00181	0,26069	0,02133	0,27463	-0,00069	0,27649	-0,00875	0,28961	0,00447	
1,10114	0,31375	0,02649	0,27954	-0,02646	0,26881	0,00614	0,28248	0,01017	0,29605	-0,00535	
1,11497	0,21524	0,00410	0,27582	0,01837	0,27953	0,01143	0,29760	0,00412	0,28833	-0,00583	
1,10750	0,27146	-0,01462	0,26317	-0,01320	0,26420	-0,00474	0,27630	-0,01337	0,28456	-0,00660	
1,13779	0,25560	0,01818	0,25994	-0,01620	0,28073	0,00550	0,28642	-0,00144	0,30680	0,00249	
1,13449	0,27650	-0,02855	0,25823	-0,02321	0,28543	-0,02862	0,29989	-0,02684	0,29894	0,00123	
1,14192	0,24844	0,01633	0,27364	-0,01573	0,29485	-0,00730	0,30070	-0,00470	0,30667	0,00901	
1,16151	0,25811	-0,00198	0,25764	-0,00391	0,29596	0,02293	0,29149	-0,00515	0,29204	-0,00138	
1,17779	0,27314	-0,00598	0,27470	0,02054	0,26301	0,01288	0,29822	-0,00824	0,28923	-0,00535	
1,19817	0,26064	-0,03453	0,28511	-0,02327	0,25753	0,00748	0,30760	0,03349	0,30286	-0,01732	
1,19455	0,28656	0,01029	0,28139	0,02032	0,28085	0,01648	0,28976	-0,00553	0,29861	-0,01730	
1,21370	0,28424	0,02420	0,28701	0,01533	0,27194	0,00419	0,28662	-0,00304	0,28254	-0,00907	
1,22664	0,26108	-0,02039	0,25973	0,01418	0,26262	-0,01023	0,29729	-0,00918	0,30468	0,02234	
1,21937	0,28362	0,02877	0,28285	-0,01959	0,27685	-0,02365	0,29421	0,00052	0,30735	-0,00332	
1,24745	0,23908	-0,02241	0,28423	0,01325	0,29604	0,00140	0,29237	-0,02046	0,29411	0,01070	
1,25490	0,25398	0,00795	0,26939	-0,00912	0,26922	0,01716	0,28565	-0,00000	0,29837	-0,01097	
1,28045	0,26710	-0,00808	0,26674	-0,03364	0,28482	0,00402	0,27794	-0,01129	0,29722	0,01028	
1,28086	0,28796	-0,03045	0,27693	0,00593	0,27499	0,00266	0,28398	-0,00164	0,29647	-0,00096	
1,30595	0,25146	0,02222	0,25609	-0,01524	0,28205	-0,00692	0,26718	0,00442	0,30369	-0,00335	
1,30556	0,28463	-0,02441	0,26719	0,02864	0,27235	0,02732	0,27449	0,00360	0,28955	-0,00328	
1,34582	0,24848	0,03434	0,26910	-0,02439	0,25823	-0,01626	0,26937	0,00004	0,30219	0,00425	
1,31026	0,25898	0,00204	0,25785	-0,00298	0,26897	-0,00407	0,28129	-0,00343	0,29043	0,01398	
1,36150	0,24912	0,02849	0,26541	0,00210	0,26674	0,00826	0,27308	-0,00922	0,29253	-0,00528	
1,35347	0,26176	0,01216	0,26383	-0,00305	0,27810	0,00334	0,29175	0,00260	0,28063	-0,00865	
1,35786	0,28192	-0,01210	0,26405	0,01006	0,26817	0,01288	0,28344	-0,01277	0,31125	-0,00250	
1,38412	0,29761	0,02630	0,27325	0,01328	0,27457	-0,00749	0,30531	0,00620	0,29036	-0,00534	
1,38455	0,26237	-0,00596	0,28282	0,00009	0,28908	0,01552	0,28604	-0,00160	0,29171	-0,00790	
1,40209	0,21707	0,01002	0,27251	0,01216	0,27852	0,00898	0,28274	-0,01845	0,30198	-0,00626	
1,38961	0,25071	-0,02012	0,26063	-0,00811	0,25795	0,01086	0,28190	0,00822	0,29546	-0,00582	
1,41779	0,27447	-0,00194	0,24842	-0,00618	0,29361	-0,01690	0,28095	-0,00410	0,28884	-0,00039	
1,43200	0,24589	-0,02643	0,28093	0,01417	0,28113	0,01554	0,28299	0,00561	0,28548	-0,00989	
1,43747	0,22909	0,00192	0,29093	-0,03374	0,25639	-0,00885	0,29176	-0,02053	0,31129	-0,00291	
1,44487	0,23744	-0,00414	0,25611	-0,01738	0,27437	0,00408	0,29697	-0,01543	0,28817	-0,00296	
1,45949	0,27166	0,02632	0,24982	-0,00211	0,27022	-0,00749	0,28387	-0,00413	0,28950	0,01030	
1,47734	0,26627	0,01206	0,26898	-0,02538	0,29861	0,03331	0,30265	0,00458	0,30033	0,01159	
1,48572	0,24806	-0,00362	0,24903	-0,00801	0,25809	-0,01023	0,27498	-0,01485	0,30232	-0,01322	
1,50182	0,27537	0,04034	0,25964	0,01730	0,27653	-0,01510	0,28636	0,01221	0,29403	-0,00490	
1,49737	0,24436	-0,01208	0,27747	0,02432	0,28443	0,00139	0,27745	0,00976	0,30210	-0,01277	
1,51541	0,23349	0,01835	0,26208	-0,00916	0,27839	-0,03386	0,30663	0,00921	0,30879	0,02273	
1,53720	0,24807	-0,01216	0,26778	-0,00396	0,28325	-0,00882	0,29308	0,00419	0,29317	0,00213	
1,57173	0,25455	-0,00606	0,28642	0,02244	0,27961	0,00481	0,29694	-0,00974	0,30346	-0,00379	
1,54240	0,25862	0,04463	0,24937	-0,01729	0,26913	0,00966	0,27969	-0,01069	0,28911	-0,00543	
1,57220	0,23740	0,00198	0,27089	-0,01413	0,26640	-0,00616	0,27337	0,00245	0,28436	0,00902	
1,58171	0,27984	-0,03832	0,26596	0,00493	0,30149	0,00415	0,28723	0,00360	0,30050	0,00989	
1,60845	0,25253	-0,02626	0,26647	-0,00728	0,28023	-0,02081	0,26164	0,00000	0,28829	-0,00973	
1,61186	0,29534	0,01418	0,27800	-0,00411	0,28914	-0,00466	0,29094	0,00822	0,29663	-0,00403	
1,61856	0,27586	0,02222	0,25223	-0,00607	0,27264	-0,01231	0,28417	-0,02058	0,29032	-0,01116	
1,60788	0,25862	0,03628	0,26917	-0,01717	0,28590	-0,01697	0,29911	0,01658	0,29330	-0,00333	
1,63780	0,24137	0,02031	0,25093	0,01127	0,27142	-0,01310	0,30171	-0,00411	0,27427	0,00161	
1,66253	0,27604	0,00202	0,25143	0,00000	0,30088	-0,00135	0,27580	-0,00764	0,29764	-0,00241	
1,66636	0,29495	0,00812	0,25611	-0,00930	0,26409	0,01214	0,30143	-0,00153	0,29103	-0,00607	
1,65146	0,27746	-0,04677	0,26260	0,00496	0,27688	-0,00967	0,28289	-0,01791	0,30347	0,00204	
1,66844	0,25409	-0,02012	0,27200	-0,00814	0,26426	-0,00742	0,27351	0,01383	0,29430	0,00049	
1,70564	0,28081	-0,02626	0,29179	-0,02242	0,28759	-0,01238	0,29507	-0,00057	0,31144	-0,00908	
1,70823	0,27749	-0,03041	0,25759	0,01716	0,28713	0,00064	0,28207	-0,02960	0,30156	0,00987	
1,71377	0,23279	0,04673	0,25682	-0,00706	0,27122	-0,02174	0,29122	0,00929	0,27783	-0,00787	
1,72559	0,22921	0,00416	0,28675	-0,00819	0,26264	-0,00264	0,28110	0,00968	0,29438	0,00077	
1,73147	0,24185	0,00021	0,28488	-0,02768	0,27456	0,00541	0,27697	0,00774	0,28668	-0,00405	
1,76305	0,24098	0,01422	0,27402	0,01446	0,26309	-0,00072	0,27427	0,00261	0,30163	0,01413	
1,78145	0,25541	-0,00820	0,24568	0,00710	0,29647	-0,01087	0,27265	-0,00456	0,29243	-0,00696	
1,78048	0,29347	0,03436	0,27463	-0,02574	0,27199	0,01770	0,28615	-0,00250	0,29325	-0,00433	
1,79157	0,23896	-0,02026	0,27515	0,00602	0,28994	-0,00342	0,29826	-0,01130	0,28189	0,00420	
1,79287	0,25009	0,02047	0,29237	-0,02548	0,27144	-0,01835	0,27459	0,00855	0,30937	0,01072	
1,80408	0,27805	-0,01408	0,25312	-0,00289	0,30386	-0,00335	0,28582	0,00925	0,28121	0,01768	
1,83301	0,23941	0,02039	0,25894	0,00817	0,29175	-0,02499	0,26989	-0,02108	0,30759	-0,00005	
1,84182	0,26193	0,02635	0,28341	0,01116	0,26237	0,01220	0,28570	-0,00676	0,27855	-0,00133	
1,85166	0,24978	-0,00837	0,27908	0,00305	0,28754	0,00888	0,28182	0,02825	0,29405	-0,00529	
1,87248	0,25160	0,03057	0,23966	-0,01718	0,29060	0,02184	0,29540	0,01182	0,29123	-0,00743	
1,86795	0,24185	-0,03255	0,25228	0,01613	0,28310	0,00346	0,27338	0,01175	0,28556	-0,00288	
1,88818	0,23396	0,02037	0,29227	-0,00405	0,27136	-0,02364	0,29948	0,01895	0,29720	0,00235	
1,87036	0,27980	-0,00827	0,24249	-0,01627	0,26960	-0,02022	0,31326	0,00354	0,28898	-0,01063	
1,91787	0,28328	-0,03847	0,26733	-0,02335	0,27072	0,00147	0,28452	-0,00671	0,29823	-0,00127	
1,89773	0,24225	0,00198	0,26275	0,00299	0,27977	-0,00203	0,29606	0,00449	0,28453	-0,00336	
1,92941	0,27126	-0,01022	0,24128	0,02733	0,28440	0,00812	0,28252	0,01442	0,30037	-0,01773	
1,92319	0,24436	0,00612	0,29510	0,00631	0,28328	0,00337	0,29551	-0,01074	0,30912	-0,00123	
1,96940	0,24193	0,00196	0,26757	-0,01120	0,26482	-0,01218	0,30938	-0,00170	0,27963	0,00202	
1,95847	0,23731	0,02243	0,27170	-0,00100	0,27854	-0,01354	0,29475	-0,00367	0,28012	0,01083	
1,96646	0,28263	0,00814	0,28038	-0,02629	0,26741	-0,01105	0,27551	-0,01065	0,29441	-0,01149	
1,95568	0,28217	0,03878	0,28046	-0,02540	0,27486	-0,00807	0,28915	-0,00670	0,29548	-0,01110	
1,99844	0,27892	-0,03447	0,27330	-0,02435	0,29324	0,00621	0,29542	-0,00339	0,29357	-0,00580	
1,99541	0,26227	-0,02029	0,28609	0,00207	0,29232	0,00740	0,29129	0,00198	0,29319	-0,00123	
2,02760	0,21699	-0,01033	0,27312	0,01740	0,26368	-0,01151	0,28042	0,03015	0,29865	-0,00160	
2,02838	0,24617	0,01212	0,25946	0,00516	0,27722	-0,00882	0,26475	0,00976	0,30015	-0,00201	
2,00532	0,28707	0,00419	0,26971	0,03173	0,27527	-0,00071	0,28689	0,02198	0,28950	0,00877	
2,05686	0,24607	-0,00198	0,27371	0,00116	0,26745	0,00075	0,29572	0,01703	0,28953	0,00133	
2,06591	0,24623	-0,01829	0,25506	-0,01937	0,29217	0,01025	0,28155	-0,00611	0,29894	0,00620	
2,05391	0,25058	-0,01864	0,26518	-0,00507	0,29351	0,01160	0,27643	0,01851	0,30123	-0,01978	
2,09401	0,21705	-0,02218	0,25079	-0,01114	0,28854	-0,00553	0,26910	-0,00361	0,30688	0,01110	
2,10360	0,21853	-0,01833	0,27973	-0,02018	0,27795	0,00202	0,28497	-0,00314	0,31793	0,00786	
2,09923	0,26629	0,02241	0,28662	0,01022	0,27062	-0,02596	0,29423	-0,01231	0,29099	-0,00083	
2,16087	0,25300	0,00406	0,25318	-0,02143	0,27860	0,00130	0,25853	0,01071	0,30383	-0,01560	
2,11439	0,25542	0,01048	0,26349	-0,02443	0,25053	-0,00263	0,26921	-0,01589	0,28718	-0,00418	
2,18063	0,20606	-0,00606	0,27459	-0,00117	0,29465	0,01562	0,28800	0,00871	0,28234	-0,00827	
2,15876	0,23927	0,00412	0,29268	-0,00814	0,27330	-0,00128	0,28367	-0,00923	0,29864	0,00581	
2,18317	0,22626	-0,02828	0,27883	-0,01618	0,25958	-0,01226	0,29262	0,00612	0,30057	-0,00492	
2,19812	0,25310	-0,01204	0,26981	0,01936	0,27587	-0,00209	0,29053	0,02780	0,30378	0,00575	
2,18970	0,22404	0,02039	0,24613	-0,00101	0,27487	-0,00684	0,26220	0,00257	0,30144	0,00705	
2,22978	0,23939	0,00004	0,27069	-0,00202	0,27908	-0,01568	0,29645	0,00661	0,28892	0,00255	
2,21253	0,27448	-0,01437	0,27609	-0,01009	0,29280	0,01622	0,28705	0,01272	0,29654	0,00247	
2,22141	0,23833	0,02235	0,26923	-0,00396	0,29350	0,01923	0,28005	0,00212	0,28153	-0,00575	
2,24825	0,25966	-0,00804	0,28003	0,02420	0,27284	-0,00473	0,27615	-0,00344	0,29850	0,00620	
2,27795	0,25504	0,01820	0,27138	-0,00394	0,27515	0,02238	0,28656	-0,00815	0,29990	0,01536	
2,25979	0,27328	0,02037	0,26850	0,02431	0,28175	-0,00010	0,28440	0,01397	0,30341	0,00542	
2,29104	0,29004	-0,03036	0,27592	-0,00500	0,28600	0,01220	0,30042	0,00861	0,29196	0,00128	
2,25537	0,24418	0,03886	0,26159	-0,02637	0,27781	0,01361	0,28097	-0,01280	0,28967	-0,00047	
2,27908	0,24991	0,00183	0,24442	-0,00699	0,26304	-0,00474	0,28529	0,00802	0,27872	-0,00939	
2,32158	0,29204	0,02847	0,28418	0,01936	0,27981	-0,01348	0,29035	0,01284	0,29382	-0,00174	
2,33190	0,27778	-0,01022	0,25621	0,00710	0,28771	0,01424	0,28004	-0,01074	0,29715	-0,00171	
2,32415	0,25403	0,00825	0,24686	0,00413	0,27799	-0,00330	0,27660	0,00450	0,28918	0,00080	
2,34977	0,27384	-0,01214	0,26208	-0,02134	0,25578	-0,00403	0,27131	-0,00305	0,28226	0,00051	
2,35623	0,24439	-0,03455	0,25992	-0,00285	0,26655	0,01504	0,28100	-0,00005	0,30196	0,00371	
2,34810	0,25393	0,02426	0,22461	0,00107	0,27515	-0,00000	0,30995	-0,00673	0,30060	-0,00782	
2,35784	0,26411	0,00202	0,27376	-0,00508	0,26033	0,01176	0,27593	-0,01552	0,28983	0,00364	
2,38211	0,26770	-0,01814	0,27755	0,02246	0,29606	0,00475	0,28019	-0,00033	0,29270	0,00131	
2,40767	0,24094	0,02834	0,26970	0,00818	0,28168	0,00266	0,28495	-0,01033	0,30257	0,01570	
2,38084	0,25179	-0,00380	0,27800	-0,01247	0,26759	0,00483	0,29478	0,02205	0,29953	-0,00042	
2,39837	0,28622	0,01195	0,25583	0,00918	0,30375	0,01015	0,29056	-0,02868	0,29141	-0,00904	
2,41917	0,24652	-0,01195	0,27005	-0,02537	0,26084	-0,00828	0,31075	-0,01987	0,29978	0,01397	
2,44130	0,29300	-0,00848	0,26353	-0,00408	0,26239	-0,01292	0,28314	0,01281	0,30834	0,00729	
2,45775	0,28945	-0,01414	0,26439	0,00831	0,27747	-0,00200	0,28879	0,01168	0,28288	-0,00085	
2,49058	0,26779	0,01847	0,25337	0,01110	0,27081	-0,01223	0,29413	-0,00039	0,28150	-0,00956	
2,46646	0,21572	-0,03855	0,26081	0,01020	0,27017	0,01819	0,28862	-0,00517	0,30572	-0,00244	
2,50038	0,23784	-0,00023	0,26189	-0,00615	0,27160	-0,02520	0,27325	-0,00715	0,29435	-0,00489	
2,50357	0,25268	0,01660	0,28052	0,02975	0,28545	-0,00331	0,29447	0,01795	0,29559	-0,00471	
2,53311	0,26937	-0,03232	0,26901	0,00907	0,26265	-0,01339	0,28492	0,00005	0,28386	-0,01033	
2,52823	0,27440	-0,04484	0,25926	-0,01020	0,26459	-0,01084	0,30205	-0,00458	0,29868	0,01152	
2,55003	0,25416	-0,03672	0,25097	-0,00611	0,27709	0,01628	0,28633	-0,02250	0,31221	0,01703	
2,59275	0,23030	-0,01818	0,25905	0,00105	0,28500	0,00205	0,28867	-0,00314	0,28752	0,00907	
2,56163	0,26510	-0,02028	0,27981	-0,00601	0,28609	0,00464	0,29901	-0,01086	0,28821	0,01063	
2,60223	0,26933	-0,02445	0,29024	-0,03335	0,26322	-0,01149	0,29216	-0,01490	0,30110	0,01630	
2,56386	0,23468	-0,04886	0,26692	0,00912	0,29646	0,00817	0,28179	0,01336	0,29550	-0,00244	
2,57486	0,26877	0,00204	0,25251	0,03857	0,28533	-0,01774	0,29932	-0,01078	0,28686	0,00449	
2,63136	0,24377	-0,03251	0,28973	0,00924	0,25497	0,00539	0,27922	0,00807	0,29871	-0,01046	
2,57516	0,22702	-0,01014	0,26498	-0,01034	0,27417	0,00013	0,27783	-0,01139	0,30491	-0,00819	
2,64989	0,25137	0,01022	0,29359	0,01209	0,28287	0,02509	0,29560	0,00811	0,30399	-0,00576	
2,63713	0,26370	-0,01018	0,27266	-0,03372	0,28365	0,00616	0,28029	-0,01129	0,28958	0,01067	
2,67683	0,24040	-0,01818	0,27157	-0,00517	0,28436	-0,02368	0,29442	0,00939	0,29310	0,02551	
2,68112	0,24094	-0,03441	0,24950	-0,01815	0,27116	0,00535	0,29116	0,01582	0,29717	-0,00806	
2,67901	0,24949	-0,01210	0,26807	-0,00418	0,28648	0,00003	0,31319	0,01587	0,29383	-0,00380	
2,70424	0,25657	0,00808	0,27092	0,00812	0,26503	0,01081	0,28461	-0,01120	0,28783	0,00294	
2,72893	0,26112	0,00598	0,25890	0,00414	0,27692	0,01438	0,28233	0,00158	0,30510	-0,00201	
2,71988	0,28042	-0,02647	0,28315	0,00484	0,26888	-0,01354	0,28512	-0,01227	0,28738	0,00167	
2,72501	0,23328	-0,01229	0,24625	-0,02030	0,26802	0,00489	0,29004	0,01333	0,31125	-0,01165	
2,70079	0,26197	-0,01196	0,24211	0,00406	0,25931	-0,00745	0,26663	0,02577	0,27425	-0,00742	
2,73782	0,21944	-0,00214	0,25481	-0,01304	0,28470	-0,02126	0,26648	0,00448	0,28229	0,00081	
2,75776	0,24937	0,00215	0,26873	-0,00917	0,27929	0,01424	0,28475	-0,01998	0,29797	0,00252	
2,78237	0,26670	0,01645	0,23928	-0,00616	0,28459	0,01300	0,30587	0,01377	0,29644	0,00360	
2,77508	0,21295	-0,01422	0,28174	0,02353	0,26739	0,01157	0,30630	-0,00012	0,28590	0,00121	
2,76837	0,21587	-0,00200	0,26532	0,03359	0,27096	-0,01489	0,28145	-0,00409	0,28889	0,00907	
2,77348	0,23362	0,03084	0,27042	0,01230	0,28414	-0,00003	0,28037	0,00464	0,28542	0,00701	
2,79679	0,25193	0,02024	0,25913	-0,00005	0,28278	0,01209	0,28638	-0,01319	0,31236	-0,00290	
2,78519	0,22235	-0,05079	0,26553	-0,02334	0,28721	0,01147	0,28226	-0,01146	0,29111	0,01729	
2,82947	0,25200	-0,02037	0,27781	-0,02950	0,28583	-0,02445	0,29221	-0,00669	0,27787	0,00498	
2,85679	0,26578	-0,02251	0,27066	0,00916	0,27130	-0,01157	0,29801	-0,01282	0,27247	0,01652	
2,88357	0,24952	-0,02841	0,27936	0,02341	0,28826	-0,00345	0,28856	-0,00013	0,29230	-0,00670	
2,87886	0,27184	-0,02445	0,26804	0,01911	0,25356	0,00284	0,27210	-0,01633	0,29478	-0,01434	
2,90239	0,25345	-0,00406	0,29104	0,01614	0,27500	0,01085	0,27098	0,01627	0,29646	0,00529	
2,90571	0,21380	0,00006	0,25683	-0,01216	0,26808	0,02186	0,28037	0,00875	0,28828	-0,00791	
2,87118	0,24735	0,00812	0,24148	0,00823	0,26374	0,00536	0,27104	0,00003	0,29632	-0,00089	
2,93527	0,28149	-0,00198	0,27903	0,00007	0,25601	-0,00203	0,30629	-0,00430	0,29522	0,00335	
2,94291	0,23888	-0,02235	0,26162	-0,00911	0,27334	0,00336	0,28122	-0,01172	0,29812	-0,00032	
2,89785	0,23456	0,04090	0,29403	0,01421	0,27589	-0,02792	0,28588	0,00916	0,28054	0,00363	
2,96765	0,25133	0,04257	0,26873	0,02149	0,28529	0,01234	0,28128	0,00348	0,29042	-0,00135	
2,96606	0,28407	0,00016	0,27901	0,00708	0,28287	-0,03211	0,30939	0,00056	0,29688	0,02622	
2,96780	0,24181	0,00023	0,24779	-0,02432	0,28897	0,01087	0,28426	0,02148	0,28933	-0,00091	
2,97999	0,25841	-0,01256	0,26359	-0,00284	0,28765	0,00616	0,30193	-0,00719	0,29554	-0,01455	
3,05711	0,26667	-0,00202	0,27275	-0,00109	0,27309	-0,00892	0,30823	-0,02509	0,29182	-0,00026	
2,99852	0,22773	-0,01029	0,26605	-0,00435	0,27026	-0,00145	0,28615	0,00220	0,29636	0,00196	
3,03178	0,24896	-0,00204	0,26874	0,02128	0,26850	-0,00401	0,27077	0,00659	0,28930	-0,00163	
3,03661	0,25694	-0,01416	0,29358	0,01611	0,29443	0,00821	0,30432	-0,01381	0,29971	0,01679	
3,03252	0,28041	-0,03426	0,25590	0,01824	0,29321	0,00883	0,28066	-0,00807	0,29200	-0,00507	
3,03846	0,25401	-0,01435	0,25592	0,01340	0,27765	-0,01019	0,28595	0,01039	0,30159	-0,00796	
3,07602	0,25704	0,01002	0,26575	-0,00006	0,28939	-0,00538	0,28841	0,01173	0,29834	0,00161	
3,05613	0,24852	-0,00796	0,26724	-0,00708	0,26554	-0,00078	0,28037	0,00094	0,28373	-0,00576	
3,07029	0,28365	0,00014	0,23515	0,00711	0,28822	0,02372	0,26652	-0,01900	0,30133	0,00365	
3,09885	0,26584	0,00831	0,25603	-0,00806	0,29744	-0,01086	0,27064	0,00465	0,27984	0,00020	
3,11460	0,24329	0,00400	0,26645	0,03664	0,28158	-0,00064	0,28744	0,00719	0,29976	-0,00364	
3,09231	0,26397	0,00415	0,28005	0,00008	0,29072	0,01702	0,27297	-0,00776	0,29278	-0,00127	
3,15148	0,25146	0,03645	0,24342	0,00404	0,27925	0,01503	0,29803	-0,00300	0,28466	-0,00860	
3,14066	0,23587	-0,03247	0,25916	0,00804	0,26026	0,01502	0,29001	0,02364	0,30341	-0,00155	
3,15405	0,25222	-0,00208	0,25374	0,02137	0,28652	-0,02032	0,29518	0,00866	0,29772	-0,00886	
3,16207	0,23398	0,00608	0,25573	-0,01233	0,26692	0,01498	0,28623	-0,00103	0,29368	0,00450	
3,17415	0,24437	0,00013	0,24160	0,01226	0,29345	0,01816	0,25897	-0,01229	0,28653	0,00172	
3,23039	0,25306	0,01416	0,28632	-0,01316	0,27517	0,00814	0,28651	-0,00815	0,30995	-0,00818	
3,22343	0,25141	-0,02010	0,24801	0,02857	0,26064	0,00218	0,28116	0,00301	0,27271	0,00006	
3,21696	0,25962	-0,00823	0,25008	-0,00795	0,27502	-0,00749	0,28404	-0,01031	0,29290	0,00536	
3,22064	0,23188	0,00406	0,25255	-0,00430	0,28684	0,00882	0,29232	-0,02002	0,30418	-0,00655	
3,25124	0,26300	-0,01831	0,29205	0,02019	0,26958	0,01241	0,28744	-0,01843	0,29801	-0,00937	
3,28580	0,22515	0,01000	0,26192	-0,01937	0,27157	-0,01024	0,27114	0,00944	0,28598	0,01194	
3,27931	0,28390	-0,00186	0,27278	-0,00011	0,29008	-0,00411	0,30103	0,01532	0,29560	0,01402	
3,28565	0,29423	-0,00396	0,25093	-0,02534	0,27318	-0,01423	0,30231	0,00411	0,31067	-0,01746	
3,24982	0,22850	0,02649	0,25276	-0,01116	0,27643	-0,01218	0,29479	-0,00483	0,27974	-0,00617	
3,26845	0,28010	0,00004	0,23962	-0,01023	0,27542	0,01641	0,27725	0,01127	0,30002	0,00369	
3,35606	0,23232	0,01818	0,26982	0,01496	0,28737	-0,00882	0,25158	0,00057	0,28900	0,00862	
3,29409	0,27127	-0,00414	0,25964	0,00418	0,25359	-0,01357	0,28208	-0,00105	0,29317	-0,00662	
3,34782	0,25582	0,02616	0,26193	0,00495	0,30159	0,00615	0,28545	0,01233	0,28896	-0,00655	
3,34020	0,24992	-0,03272	0,26695	0,00717	0,27762	0,00125	0,28662	-0,00560	0,29149	-0,00791	
3,34315	0,25609	-0,02832	0,29119	-0,01825	0,29509	-0,00070	0,26766	0,00721	0,28865	0,01193	
3,36843	0,24433	0,00406	0,25440	0,03137	0,26305	0,00220	0,29058	0,01282	0,28376	0,00866	
3,36773	0,26414	-0,00818	0,25808	0,01422	0,28024	0,00406	0,27432	0,00105	0,29649	-0,00374	
3,35465	0,25564	0,00391	0,28092	0,01423	0,27051	-0,01089	0,29301	-0,00244	0,29219	-0,00256	
3,35018	0,23834	0,00413	0,28202	0,02056	0,28976	-0,00816	0,29948	-0,00922	0,27539	-0,00417	
3,42547	0,21705	0,00398	0,26514	-0,01039	0,29892	-0,00130	0,30347	0,01499	0,29060	-0,00124	
3,42706	0,25558	0,01014	0,26189	-0,01630	0,30246	-0,00675	0,27044	0,00252	0,29062	-0,01154	
3,41174	0,26681	0,01626	0,26290	-0,00386	0,27050	-0,02525	0,30145	0,02611	0,29507	0,00410	
3,46453	0,20780	-0,01843	0,26679	0,01126	0,25700	-0,00402	0,28014	-0,00975	0,29566	-0,01003	
3,50051	0,25922	0,01408	0,24947	-0,00607	0,26772	-0,00622	0,29389	0,00979	0,29858	0,01367	
3,48928	0,21085	0,01035	0,27026	0,01537	0,27416	0,00063	0,28380	0,00152	0,30290	0,01206	
3,44874	0,24837	0,01800	0,25623	-0,01409	0,25770	-0,00070	0,28141	0,00206	0,30953	0,00659	
3,52652	0,22876	-0,02233	0,27016	-0,00076	0,28503	-0,01341	0,24418	-0,00004	0,29742	-0,00419	
3,46736	0,25306	-0,00019	0,27821	-0,01625	0,26596	-0,02375	0,29722	0,00562	0,29691	-0,00947	
3,51541	0,26772	0,00814	0,26510	0,02431	0,26310	-0,00595	0,30085	0,00057	0,29574	0,00786	
3,51746	0,23188	0,03255	0,26917	0,00920	0,26030	-0,01422	0,28786	-0,00118	0,29774	-0,00249	
3,51589	0,24363	0,01208	0,29533	0,01632	0,28286	-0,01017	0,27823	-0,00364	0,31122	0,01002	
3,53576	0,27080	0,01447	0,27349	0,00708	0,27116	0,01984	0,27555	-0,01504	0,30532	0,01648	
3,60414	0,26331	-0,01000	0,24692	-0,01931	0,27044	0,02915	0,28787	-0,02374	0,29046	0,00205	
3,56232	0,24582	-0,04484	0,24874	0,04756	0,28027	-0,01851	0,29004	0,00766	0,29302	-0,00631	
3,56179	0,23637	0,02411	0,27043	0,01214	0,25189	0,02639	0,27586	-0,00970	0,30027	0,00125	
3,57581	0,22598	-0,00402	0,26459	-0,00210	0,26408	-0,01305	0,30582	-0,00212	0,30812	-0,00744	
3,54937	0,29993	0,02933	0,26498	-0,02447	0,26391	-0,00068	0,29112	-0,01693	0,30018	-0,00336	
3,60693	0,25825	0,01629	0,28088	0,00597	0,27095	0,00475	0,28653	-0,01884	0,30574	0,00943	
3,64621	0,23567	0,01612	0,26113	-0,04073	0,26917	0,01474	0,29539	0,00474	0,30597	0,01071	
3,62767	0,26302	-0,00198	0,26245	0,01524	0,28903	0,00069	0,28845	0,00107	0,27283	-0,01076	
3,61929	0,26673	-0,04479	0,28248	0,00286	0,28180	0,00204	0,28843	-0,00712	0,29206	-0,00406	
3,64220	0,26172	-0,02035	0,24974	0,01203	0,27592	-0,00414	0,29222	-0,00344	0,28340	0,00124	
3,69904	0,28457	-0,02630	0,26083	-0,02230	0,26262	-0,00668	0,25458	-0,00735	0,29191	-0,00903	
3,71009	0,25508	0,00600	0,27595	0,02437	0,31151	0,00956	0,28367	-0,00357	0,30745	-0,00165	
3,71573	0,26384	-0,03047	0,29040	-0,02733	0,28358	-0,00276	0,27667	0,01069	0,28205	0,00454	
3,67584	0,23351	-0,04469	0,24871	-0,00903	0,26809	0,01234	0,28333	0,01845	0,28865	0,01401	
3,72512	0,22525	0,00210	0,27404	0,01435	0,27096	0,00945	0,29308	-0,00001	0,31106	0,01828	
3,78725	0,23727	0,01012	0,21816	-0,01942	0,27049	0,01307	0,27427	-0,00719	0,28759	0,00621	
3,77332	0,23636	-0,01010	0,26183	-0,00304	0,28216	-0,01638	0,28701	0,00249	0,30232	-0,00167	
3,72852	0,22806	-0,01863	0,25881	-0,01207	0,28391	0,00191	0,28353	0,00932	0,29071	0,00580	
3,75532	0,28748	-0,01008	0,27260	-0,00399	0,30314	-0,01368	0,29231	0,00758	0,30247	0,00074	
3,79939	0,26465	-0,03030	0,26216	-0,01713	0,26485	0,01823	0,28687	-0,00922	0,28396	0,00759	
3,78001	0,24558	-0,01418	0,27607	-0,01036	0,28278	0,01770	0,27987	-0,00864	0,29446	0,00292	
3,80950	0,26984	-0,01422	0,26644	-0,01238	0,28883	-0,03352	0,28105	0,00199	0,29490	-0,00285	
3,80243	0,25558	-0,01214	0,26601	-0,01113	0,26815	0,00203	0,26869	-0,00661	0,28468	0,01769	
3,80939	0,20763	-0,00004	0,25060	-0,01044	0,27681	-0,00411	0,27904	0,00149	0,29602	-0,02526	
3,87461	0,26378	0,01818	0,27311	0,00714	0,27661	0,01356	0,28653	0,00044	0,31036	0,01557	
3,83447	0,23240	-0,02062	0,27232	0,02134	0,27981	-0,03335	0,29572	-0,01742	0,29986	-0,00983	
3,87396	0,31003	0,02418	0,24429	-0,01628	0,28830	-0,00604	0,28611	-0,00513	0,29908	-0,01643	
3,83352	0,26929	0,03855	0,26352	0,01627	0,27160	0,00418	0,29961	0,00054	0,30833	-0,00201	
3,87792	0,25449	-0,00212	0,26750	0,00207	0,28009	0,00903	0,27930	0,00515	0,29928	0,00294	
3,96891	0,23952	0,01229	0,29183	0,01422	0,26836	-0,00938	0,29483	0,00004	0,29193	0,00002	
3,92162	0,23143	0,01018	0,25463	0,01825	0,28747	-0,01704	0,28610	0,01267	0,27749	-0,00369	
3,96645	0,27528	0,00804	0,26693	0,00996	0,27361	0,00327	0,30332	-0,00925	0,28746	0,00975	
3,87567	0,26796	-0,01027	0,29076	-0,00420	0,25121	0,01364	0,30401	-0,00159	0,29474	-0,00870	
3,94842	0,26508	-0,02641	0,26314	-0,00703	0,28062	0,00691	0,30318	-0,01279	0,29303	-0,00909	
3,99963	0,23381	0,02247	0,24732	0,02325	0,27697	-0,00888	0,27070	-0,00411	0,27884	0,00084	
3,94287	0,23239	-0,01604	0,29731	-0,00306	0,28002	-0,00019	0,27312	0,00215	0,27159	-0,01619	
3,90912	0,24358	0,01218	0,27483	0,01452	0,27674	-0,02987	0,29605	0,01891	0,30855	-0,00123	
4,00716	0,26346	-0,00816	0,27256	0,01124	0,30117	0,00466	0,28476	0,02454	0,29462	0,00409	
3,95767	0,26697	-0,00408	0,28185	-0,02046	0,28946	-0,00061	0,28762	-0,00369	0,30818	0,00906	
4,01626	0,28486	0,01406	0,26451	-0,01008	0,26284	-0,00343	0,28597	-0,00257	0,29220	0,01741	
4,02467	0,24347	-0,01414	0,28725	0,03139	0,27115	-0,00134	0,30777	0,00203	0,31208	0,00200	
