# MesswertTabelle
#
# M e s s w e r t t a b e l l e  der Reihen:
#
# DAX PERFORMANCE-INDEX_raw_0 (q=-5.0) [126,126] Werte
# DAX PERFORMANCE-INDEX_raw_0 (q=-4.0) [126,126] Werte
# DAX PERFORMANCE-INDEX_raw_0 (q=-3.0) [126,126] Werte
# DAX PERFORMANCE-INDEX_raw_0 (q=-2.0) [126,126] Werte
# DAX PERFORMANCE-INDEX_raw_0 (q=-1.0) [126,126] Werte
# DAX PERFORMANCE-INDEX_raw_0 (q=1.0) [128,128] Werte
# DAX PERFORMANCE-INDEX_raw_0 (q=2.0) [128,128] Werte
# DAX PERFORMANCE-INDEX_raw_0 (q=3.0) [128,128] Werte
# DAX PERFORMANCE-INDEX_raw_0 (q=4.0) [128,128] Werte
# DAX PERFORMANCE-INDEX_raw_0 (q=5.0) [128,128] Werte
#
#
#s	F(s)	s	F(s)	s	F(s)	s	F(s)	s	F(s)	s	F(s)	s	F(s)	s	F(s)	s	F(s)	s	F(s)	
0.60206	-14.52431	0.60206	-14.43153	0.60206	-14.28322	0.60206	-14.01219	0.60206	-13.41014	0.60206	-1.01391	0.60206	-0.71252	0.60206	-0.51667	0.60206	-0.38739	0.60206	-0.30125	
0.69897	-14.48593	0.69897	-14.39792	0.69897	-14.25995	0.69897	-14.01121	0.69897	-13.41925	0.69897	-0.79550	0.69897	-0.54970	0.69897	-0.37623	0.69897	-0.25952	0.69897	-0.18159	
0.77815	-13.77231	0.77815	-13.70022	0.77815	-13.59150	0.77815	-13.40631	0.77815	-12.97099	0.77815	-0.64899	0.77815	-0.41220	0.77815	-0.22178	0.77815	-0.09073	0.77815	-0.00309	
0.84510	-14.01231	0.84510	-13.92609	0.84510	-13.79110	0.84510	-13.55111	0.84510	-12.96140	0.84510	-0.54099	0.84510	-0.26596	0.84510	-0.06148	0.84510	0.06362	0.84510	0.14334	
0.90309	-14.01120	0.90309	-13.93721	0.90309	-13.81712	0.90309	-13.58841	0.90309	-12.97200	0.90309	-0.47410	0.90309	-0.22995	0.90309	-0.03727	0.90309	0.08532	0.90309	0.16343	
0.95424	-13.99983	0.95424	-13.91228	0.95424	-13.76741	0.95424	-13.48507	0.95424	-12.70946	0.95424	-0.43557	0.95424	-0.20378	0.95424	-0.01329	0.95424	0.10674	0.95424	0.18282	
1.00000	-13.49988	1.00000	-13.41466	1.00000	-13.27438	1.00000	-13.00240	1.00000	-12.23737	1.00000	-0.34009	1.00000	-0.13035	1.00000	0.02645	1.00000	0.12599	1.00000	0.19027	
1.04139	-13.57924	1.04139	-13.49521	1.04139	-13.35539	1.04139	-13.07846	1.04139	-12.28702	1.04139	-0.32744	1.04139	-0.13239	1.04139	0.04588	1.04139	0.16587	1.04139	0.24457	
1.07918	-13.11223	1.07918	-13.03006	1.07918	-12.89311	1.07918	-12.61920	1.07918	-11.79747	1.07918	-0.28840	1.07918	-0.12164	1.07918	0.02692	1.07918	0.12992	1.07918	0.19850	
1.11394	-13.25913	1.11394	-13.17871	1.11394	-13.04565	1.11394	-12.78582	1.11394	-12.05642	1.11394	-0.22033	1.11394	-0.04764	1.11394	0.09481	1.11394	0.19255	1.11394	0.25902	
1.14613	-0.52450	1.14613	-0.50008	1.14613	-0.46898	1.14613	-0.42826	1.14613	-0.37216	1.14613	-0.20245	1.14613	-0.03408	1.14613	0.10177	1.14613	0.19217	1.14613	0.25236	
1.17609	-0.48545	1.17609	-0.45706	1.17609	-0.42317	1.17609	-0.38150	1.17609	-0.32593	1.17609	-0.14187	1.17609	0.10321	1.17609	0.27638	1.17609	0.38304	1.17609	0.45243	
1.20412	-0.39320	1.20412	-0.36986	1.20412	-0.34258	1.20412	-0.30966	1.20412	-0.26685	1.20412	-0.11631	1.20412	0.12272	1.20412	0.30967	1.20412	0.42663	1.20412	0.50201	
1.23045	-0.39126	1.23045	-0.37045	1.23045	-0.34428	1.23045	-0.31018	1.23045	-0.26305	1.23045	-0.07819	1.23045	0.12590	1.23045	0.27935	1.23045	0.37624	1.23045	0.44003	
1.25527	-0.45774	1.25527	-0.41975	1.25527	-0.37219	1.25527	-0.31397	1.25527	-0.24232	1.25527	-0.08734	1.25527	0.08188	1.25527	0.23452	1.25527	0.33859	1.25527	0.40778	
1.27875	-0.35897	1.27875	-0.33859	1.27875	-0.31280	1.27875	-0.27881	1.27875	-0.23047	1.27875	-0.07403	1.27875	0.07448	1.27875	0.19893	1.27875	0.28321	1.27875	0.33956	
1.30103	-0.40456	1.30103	-0.37247	1.30103	-0.33271	1.30103	-0.28403	1.30103	-0.22354	1.30103	0.03850	1.30103	0.27208	1.30103	0.44599	1.30103	0.55425	1.30103	0.62431	
1.32222	-0.45931	1.32222	-0.42577	1.32222	-0.38224	1.32222	-0.32403	1.32222	-0.24377	1.32222	-0.01051	1.32222	0.17320	1.32222	0.31924	1.32222	0.41439	1.32222	0.47739	
1.34242	-0.34981	1.34242	-0.32319	1.34242	-0.28897	1.34242	-0.24426	1.34242	-0.18260	1.34242	0.00689	1.34242	0.20274	1.34242	0.36067	1.34242	0.46260	1.34242	0.52923	
1.36173	-0.41017	1.36173	-0.36955	1.36173	-0.31762	1.36173	-0.25318	1.36173	-0.17217	1.36173	0.02092	1.36173	0.18768	1.36173	0.32376	1.36173	0.41841	1.36173	0.48300	
1.38021	-0.25882	1.38021	-0.23619	1.38021	-0.20986	1.38021	-0.17778	1.38021	-0.13353	1.38021	0.10489	1.38021	0.33320	1.38021	0.49252	1.38021	0.58979	1.38021	0.65285	
1.39794	-0.30820	1.39794	-0.27709	1.39794	-0.23729	1.39794	-0.18601	1.39794	-0.11819	1.39794	0.09498	1.39794	0.24206	1.39794	0.34259	1.39794	0.40629	1.39794	0.44864	
1.41497	-0.25698	1.41497	-0.21762	1.41497	-0.17107	1.41497	-0.11712	1.41497	-0.05282	1.41497	0.09849	1.41497	0.31625	1.41497	0.48395	1.41497	0.58825	1.41497	0.65491	
1.43136	-0.25045	1.43136	-0.22103	1.43136	-0.18452	1.43136	-0.13806	1.43136	-0.07429	1.43136	0.10736	1.43136	0.24740	1.43136	0.35695	1.43136	0.43203	1.43136	0.48383	
1.44716	-0.26814	1.44716	-0.23557	1.44716	-0.19532	1.44716	-0.14630	1.44716	-0.08444	1.44716	0.14996	1.44716	0.28615	1.44716	0.40063	1.44716	0.48194	1.44716	0.53853	
1.46240	-0.26347	1.46240	-0.22520	1.46240	-0.17667	1.46240	-0.11681	1.46240	-0.04361	1.46240	0.19479	1.46240	0.38934	1.46240	0.53385	1.46240	0.62685	1.46240	0.68815	
1.47712	-0.27927	1.47712	-0.24233	1.47712	-0.19394	1.47712	-0.13173	1.47712	-0.05203	1.47712	0.15074	1.47712	0.33135	1.47712	0.47449	1.47712	0.56808	1.47712	0.62951	
1.49136	-0.22077	1.49136	-0.18289	1.49136	-0.13414	1.49136	-0.07435	1.49136	-0.00312	1.49136	0.17227	1.49136	0.29350	1.49136	0.38363	1.49136	0.44312	1.49136	0.48279	
1.50515	-0.24111	1.50515	-0.20579	1.50515	-0.15945	1.50515	-0.09858	1.50515	-0.01752	1.50515	0.20957	1.50515	0.36401	1.50515	0.47343	1.50515	0.54274	1.50515	0.58808	
1.51851	-0.24527	1.51851	-0.21182	1.51851	-0.16700	1.51851	-0.10694	1.51851	-0.02651	1.51851	0.25107	1.51851	0.45070	1.51851	0.60180	1.51851	0.69653	1.51851	0.75752	
1.53148	-0.22453	1.53148	-0.18660	1.53148	-0.13644	1.53148	-0.07393	1.53148	-0.00086	1.53148	0.25998	1.53148	0.43130	1.53148	0.55868	1.53148	0.64274	1.53148	0.69917	
1.54407	-0.23820	1.54407	-0.20136	1.54407	-0.15147	1.54407	-0.08412	1.54407	0.00458	1.54407	0.23915	1.54407	0.39511	1.54407	0.50737	1.54407	0.57973	1.54407	0.62784	
1.55630	-0.21247	1.55630	-0.16752	1.55630	-0.10845	1.55630	-0.03454	1.55630	0.05454	1.55630	0.22592	1.55630	0.38277	1.55630	0.50228	1.55630	0.57894	1.55630	0.62912	
1.56820	-0.18232	1.56820	-0.13715	1.56820	-0.07825	1.56820	-0.00474	1.56820	0.08288	1.56820	0.25935	1.56820	0.39305	1.56820	0.49183	1.56820	0.55870	1.56820	0.60501	
1.57978	-0.02348	1.57978	0.00265	1.57978	0.03273	1.57978	0.06976	1.57978	0.12209	1.57978	0.35809	1.57978	0.54569	1.57978	0.67236	1.57978	0.75100	1.57978	0.80278	
1.59106	-0.13688	1.59106	-0.09339	1.59106	-0.03795	1.59106	0.02897	1.59106	0.10817	1.59106	0.34314	1.59106	0.51090	1.59106	0.64031	1.59106	0.72534	1.59106	0.78152	
1.61278	-0.14920	1.61278	-0.11055	1.61278	-0.05989	1.61278	0.00494	1.61278	0.08653	1.61278	0.32302	1.61278	0.44187	1.61278	0.53071	1.61278	0.59174	1.61278	0.63478	
1.62325	0.04609	1.62325	0.05771	1.62325	0.07264	1.62325	0.09355	1.62325	0.12765	1.62325	0.36181	1.62325	0.51226	1.62325	0.61736	1.62325	0.68318	1.62325	0.72601	
1.63347	-0.13188	1.63347	-0.09414	1.63347	-0.04754	1.63347	0.00900	1.63347	0.08298	1.63347	0.33029	1.63347	0.46503	1.63347	0.56479	1.63347	0.63211	1.63347	0.67855	
1.64345	-0.07804	1.64345	-0.04230	1.64345	0.00003	1.64345	0.04982	1.64345	0.11599	1.64345	0.32570	1.64345	0.48926	1.64345	0.61173	1.64345	0.68928	1.64345	0.73999	
1.66276	0.05100	1.66276	0.07951	1.66276	0.11416	1.66276	0.15664	1.66276	0.21085	1.66276	0.39697	1.66276	0.58689	1.66276	0.71059	1.66276	0.78718	1.66276	0.83762	
1.67210	-0.01117	1.67210	0.02409	1.67210	0.06826	1.67210	0.12294	1.67210	0.19039	1.67210	0.40113	1.67210	0.56230	1.67210	0.66326	1.67210	0.72417	1.67210	0.76398	
1.69020	0.00787	1.69020	0.03869	1.69020	0.07767	1.69020	0.12857	1.69020	0.19946	1.69020	0.38068	1.69020	0.48462	1.69020	0.57158	1.69020	0.63501	1.69020	0.68007	
1.69897	0.09132	1.69897	0.10647	1.69897	0.12800	1.69897	0.16113	1.69897	0.21748	1.69897	0.36491	1.69897	0.45106	1.69897	0.51924	1.69897	0.56931	1.69897	0.60589	
1.71600	0.11212	1.71600	0.12880	1.71600	0.15093	1.71600	0.18272	1.71600	0.23409	1.71600	0.44795	1.71600	0.58831	1.71600	0.69082	1.71600	0.75926	1.71600	0.80587	
1.72428	0.01356	1.72428	0.03993	1.72428	0.07593	1.72428	0.12722	1.72428	0.20352	1.72428	0.46548	1.72428	0.60125	1.72428	0.69152	1.72428	0.74829	1.72428	0.78595	
1.74036	0.09528	1.74036	0.11524	1.74036	0.14364	1.74036	0.18655	1.74036	0.25497	1.74036	0.48272	1.74036	0.65013	1.74036	0.76924	1.74036	0.84465	1.74036	0.89385	
1.74819	0.10291	1.74819	0.12334	1.74819	0.15115	1.74819	0.19187	1.74819	0.25635	1.74819	0.48655	1.74819	0.65228	1.74819	0.77016	1.74819	0.84545	1.74819	0.89470	
1.76343	0.11519	1.76343	0.13698	1.76343	0.16618	1.76343	0.20816	1.76343	0.27376	1.76343	0.49430	1.76343	0.61049	1.76343	0.69221	1.76343	0.74769	1.76343	0.78667	
1.77815	0.10524	1.77815	0.12524	1.77815	0.15122	1.77815	0.18770	1.77815	0.24449	1.77815	0.48410	1.77815	0.59169	1.77815	0.66457	1.77815	0.71260	1.77815	0.74586	
1.78533	0.08873	1.78533	0.10934	1.78533	0.13686	1.78533	0.17553	1.78533	0.23432	1.78533	0.50705	1.78533	0.61786	1.78533	0.69164	1.78533	0.73892	1.78533	0.77061	
1.79934	0.11106	1.79934	0.13425	1.79934	0.16492	1.79934	0.20807	1.79934	0.27340	1.79934	0.46414	1.79934	0.58016	1.79934	0.65905	1.79934	0.70921	1.79934	0.74242	
1.81291	0.09438	1.81291	0.11847	1.81291	0.15300	1.81291	0.20535	1.81291	0.28788	1.81291	0.47511	1.81291	0.62283	1.81291	0.72845	1.81291	0.79615	1.81291	0.84064	
1.82607	0.10115	1.82607	0.12800	1.82607	0.16620	1.82607	0.22484	1.82607	0.32083	1.82607	0.51438	1.82607	0.64671	1.82607	0.74168	1.82607	0.80444	1.82607	0.84679	
1.83885	0.10099	1.83885	0.12823	1.83885	0.16496	1.83885	0.21866	1.83885	0.30690	1.83885	0.56222	1.83885	0.69308	1.83885	0.78575	1.83885	0.84796	1.83885	0.89044	
1.85126	0.11222	1.85126	0.13841	1.85126	0.17342	1.85126	0.22341	1.85126	0.29997	1.85126	0.63889	1.85126	0.76978	1.85126	0.85557	1.85126	0.91195	1.85126	0.95059	
1.86332	0.12887	1.86332	0.15098	1.86332	0.18274	1.86332	0.23105	1.86332	0.30607	1.86332	0.64421	1.86332	0.78549	1.86332	0.87124	1.86332	0.92491	1.86332	0.96110	
1.88081	0.18848	1.88081	0.20998	1.88081	0.24087	1.88081	0.28785	1.88081	0.35980	1.88081	0.54898	1.88081	0.66069	1.88081	0.73780	1.88081	0.79006	1.88081	0.82670	
1.89209	0.21082	1.89209	0.22875	1.89209	0.25467	1.89209	0.29338	1.89209	0.35018	1.89209	0.52429	1.89209	0.61506	1.89209	0.67940	1.89209	0.72488	1.89209	0.75800	
1.90309	0.25470	1.90309	0.27199	1.90309	0.29600	1.90309	0.33183	1.90309	0.38907	1.90309	0.55717	1.90309	0.63660	1.90309	0.69367	1.90309	0.73487	1.90309	0.76541	
1.91908	0.29403	1.91908	0.31625	1.91908	0.34544	1.91908	0.38624	1.91908	0.44814	1.91908	0.49951	1.91908	0.56104	1.91908	0.60566	1.91908	0.63773	1.91908	0.66154	
1.92942	0.25886	1.92942	0.28927	1.92942	0.33074	1.92942	0.38826	1.92942	0.46937	1.92942	0.59458	1.92942	0.69751	1.92942	0.76991	1.92942	0.81828	1.92942	0.85165	
1.94448	0.30344	1.94448	0.33068	1.94448	0.36647	1.94448	0.41432	1.94448	0.47977	1.94448	0.66338	1.94448	0.76610	1.94448	0.83445	1.94448	0.87781	1.94448	0.90659	
1.95424	0.31439	1.95424	0.33833	1.95424	0.36995	1.95424	0.41304	1.95424	0.47413	1.95424	0.69559	1.95424	0.78623	1.95424	0.84438	1.95424	0.88081	1.95424	0.90475	
1.96848	0.29357	1.96848	0.31155	1.96848	0.33582	1.96848	0.37003	1.96848	0.42237	1.96848	0.66781	1.96848	0.75565	1.96848	0.81905	1.96848	0.86234	1.96848	0.89252	
1.98227	0.37147	1.98227	0.38913	1.98227	0.41391	1.98227	0.45113	1.98227	0.51065	1.98227	0.67378	1.98227	0.78135	1.98227	0.86109	1.98227	0.91450	1.98227	0.95041	
1.99564	0.28589	1.99564	0.31508	1.99564	0.35753	1.99564	0.42191	1.99564	0.51961	1.99564	0.64618	1.99564	0.78459	1.99564	0.88052	1.99564	0.93981	1.99564	0.97767	
2.00860	0.30571	2.00860	0.33383	2.00860	0.37441	2.00860	0.43539	2.00860	0.52661	2.00860	0.72277	2.00860	0.82820	2.00860	0.90205	2.00860	0.95104	2.00860	0.98446	
2.02119	0.28311	2.02119	0.31239	2.02119	0.35512	2.02119	0.42015	2.02119	0.51791	2.02119	0.77592	2.02119	0.86916	2.02119	0.93111	2.02119	0.97263	2.02119	1.00152	
2.03342	0.32750	2.03342	0.35503	2.03342	0.39463	2.03342	0.45391	2.03342	0.54151	2.03342	0.75920	2.03342	0.84338	2.03342	0.90002	2.03342	0.93863	2.03342	0.96595	
2.04532	0.47635	2.04532	0.49541	2.04532	0.52316	2.04532	0.56483	2.04532	0.62578	2.04532	0.74903	2.04532	0.82075	2.04532	0.86486	2.04532	0.89309	2.04532	0.91234	
2.05690	0.46865	2.05690	0.48896	2.05690	0.51794	2.05690	0.56010	2.05690	0.61892	2.05690	0.74977	2.05690	0.81713	2.05690	0.85914	2.05690	0.88603	2.05690	0.90422	
2.07188	0.49893	2.07188	0.51367	2.07188	0.53222	2.07188	0.55529	2.07188	0.58284	2.07188	0.77679	2.07188	0.83243	2.07188	0.86953	2.07188	0.89406	2.07188	0.91086	
2.08279	0.61604	2.08279	0.62844	2.08279	0.64546	2.08279	0.66886	2.08279	0.69998	2.08279	0.75498	2.08279	0.80483	2.08279	0.83937	2.08279	0.86342	2.08279	0.88086	
2.09691	0.57413	2.09691	0.58868	2.09691	0.60753	2.09691	0.63254	2.09691	0.66597	2.09691	0.64353	2.09691	0.67054	2.09691	0.69275	2.09691	0.71018	2.09691	0.72362	
2.11059	0.40024	2.11059	0.42779	2.11059	0.46907	2.11059	0.53262	2.11059	0.62505	2.11059	0.77848	2.11059	0.81559	2.11059	0.84595	2.11059	0.86943	2.11059	0.88736	
2.12385	0.40789	2.12385	0.43583	2.12385	0.47796	2.12385	0.54302	2.12385	0.63683	2.12385	0.75849	2.12385	0.80709	2.12385	0.84811	2.12385	0.87971	2.12385	0.90324	
2.13672	0.43975	2.13672	0.46716	2.13672	0.50771	2.13672	0.56827	2.13672	0.65188	2.13672	0.81684	2.13672	0.87109	2.13672	0.90390	2.13672	0.92462	2.13672	0.93853	
2.14922	0.54965	2.14922	0.57368	2.14922	0.60710	2.14922	0.65341	2.14922	0.71386	2.14922	0.82421	2.14922	0.87580	2.14922	0.90714	2.14922	0.92718	2.14922	0.94081	
2.16137	0.71493	2.16137	0.72901	2.16137	0.74842	2.16137	0.77545	2.16137	0.81188	2.16137	0.81907	2.16137	0.87025	2.16137	0.90420	2.16137	0.92775	2.16137	0.94495	
2.17319	0.78506	2.17319	0.80508	2.17319	0.83272	2.17319	0.86985	2.17319	0.91538	2.17319	0.84394	2.17319	0.89214	2.17319	0.92699	2.17319	0.95215	2.17319	0.97079	
2.18752	0.77901	2.18752	0.79996	2.18752	0.82982	2.18752	0.87171	2.18752	0.92558	2.18752	0.90268	2.18752	0.94335	2.18752	0.97515	2.18752	0.99888	2.18752	1.01660	
2.19866	0.77473	2.19866	0.79546	2.19866	0.82498	2.19866	0.86662	2.19866	0.92113	2.19866	1.00409	2.19866	1.03522	2.19866	1.05748	2.19866	1.07349	2.19866	1.08538	
2.21219	0.77084	2.21219	0.79025	2.21219	0.81726	2.21219	0.85475	2.21219	0.90421	2.21219	1.03323	2.21219	1.06978	2.21219	1.09516	2.21219	1.11305	2.21219	1.12621	
2.22531	0.76593	2.22531	0.78280	2.22531	0.80570	2.22531	0.83726	2.22531	0.88010	2.22531	1.03544	2.22531	1.07631	2.22531	1.10536	2.22531	1.12612	2.22531	1.14144	
2.23805	0.77249	2.23805	0.78823	2.23805	0.80931	2.23805	0.83798	2.23805	0.87647	2.23805	1.01725	2.23805	1.06260	2.23805	1.09631	2.23805	1.12072	2.23805	1.13856	
2.25042	0.80571	2.25042	0.82212	2.25042	0.84357	2.25042	0.87124	2.25042	0.90527	2.25042	0.99090	2.25042	1.04119	2.25042	1.07970	2.25042	1.10742	2.25042	1.12725	
2.26482	0.83526	2.26482	0.84900	2.26482	0.86603	2.26482	0.88666	2.26482	0.91055	2.26482	0.97628	2.26482	1.02299	2.26482	1.05969	2.26482	1.08664	2.26482	1.10615	
2.27646	0.79374	2.27646	0.80174	2.27646	0.81331	2.27646	0.83049	2.27646	0.85581	2.27646	0.98143	2.27646	1.01480	2.27646	1.04176	2.27646	1.06264	2.27646	1.07864	
2.29003	0.81499	2.29003	0.82577	2.29003	0.84098	2.29003	0.86366	2.29003	0.89826	2.29003	0.96196	2.29003	0.98532	2.29003	1.00530	2.29003	1.02172	2.29003	1.03498	
2.30320	0.80853	2.30320	0.82311	2.30320	0.84587	2.30320	0.88330	2.30320	0.94446	2.30320	0.93347	2.30320	0.97616	2.30320	1.01223	2.30320	1.03966	2.30320	1.05971	
2.31597	0.80425	2.31597	0.81893	2.31597	0.84204	2.31597	0.88074	2.31597	0.94574	2.31597	1.00899	2.31597	1.06657	2.31597	1.11103	2.31597	1.14221	2.31597	1.16375	
2.32838	0.79885	2.32838	0.81354	2.32838	0.83675	2.32838	0.87579	2.32838	0.94186	2.32838	1.11535	2.32838	1.17651	2.32838	1.21394	2.32838	1.23670	2.32838	1.25128	
2.34044	0.81293	2.34044	0.82750	2.34044	0.85022	2.34044	0.88751	2.34044	0.94827	2.34044	1.13213	2.34044	1.19713	2.34044	1.23583	2.34044	1.25895	2.34044	1.27362	
2.35411	0.84431	2.35411	0.85835	2.35411	0.87938	2.35411	0.91162	2.35411	0.95934	2.35411	1.13274	2.35411	1.19882	2.35411	1.23785	2.35411	1.26106	2.35411	1.27576	
2.36736	0.87778	2.36736	0.88944	2.36736	0.90504	2.36736	0.92551	2.36736	0.95101	2.36736	1.11759	2.36736	1.17835	2.36736	1.21564	2.36736	1.23836	2.36736	1.25293	
2.38021	0.91704	2.38021	0.92451	2.38021	0.93330	2.38021	0.94336	2.38021	0.95448	2.38021	1.08182	2.38021	1.12953	2.38021	1.16177	2.38021	1.18280	2.38021	1.19684	
2.39270	0.96831	2.39270	0.97262	2.39270	0.97733	2.39270	0.98236	2.39270	0.98765	2.39270	1.00879	2.39270	1.03428	2.39270	1.05476	2.39270	1.07035	2.39270	1.08201	
2.40483	0.97176	2.40483	0.97571	2.40483	0.97997	2.40483	0.98451	2.40483	0.98924	2.40483	0.97790	2.40483	0.98902	2.40483	0.99908	2.40483	1.00787	2.40483	1.01534	
2.41830	0.96711	2.41830	0.97123	2.41830	0.97571	2.41830	0.98049	2.41830	0.98549	2.41830	0.99849	2.41830	1.00377	2.41830	1.00881	2.41830	1.01352	2.41830	1.01783	
2.43136	0.97103	2.43136	0.97453	2.43136	0.97827	2.43136	0.98222	2.43136	0.98632	2.43136	0.99892	2.43136	1.00366	2.43136	1.00820	2.43136	1.01246	2.43136	1.01640	
2.44404	1.00051	2.44404	1.00224	2.44404	1.00403	2.44404	1.00587	2.44404	1.00774	2.44404	0.99573	2.44404	1.00074	2.44404	1.00552	2.44404	1.00999	2.44404	1.01412	
2.45637	1.04237	2.45637	1.04293	2.45637	1.04349	2.45637	1.04406	2.45637	1.04464	2.45637	0.99468	2.45637	0.99878	2.45637	1.00273	2.45637	1.00648	2.45637	1.00997	
2.46982	1.12977	2.46982	1.12998	2.46982	1.13018	2.46982	1.13039	2.46982	1.13060	2.46982	1.01152	2.46982	1.01339	2.46982	1.01523	2.46982	1.01702	2.46982	1.01876	
2.48144	1.21214	2.48144	1.21214	2.48144	1.21214	2.48144	1.21214	2.48144	1.21214	2.48144	1.04579	2.48144	1.04636	2.48144	1.04693	2.48144	1.04750	2.48144	1.04806	
2.49554	1.30483	2.49554	1.30483	2.49554	1.30483	2.49554	1.30483	2.49554	1.30483	2.49554	1.13102	2.49554	1.13123	2.49554	1.13144	2.49554	1.13165	2.49554	1.13186	
2.50786	1.37281	2.50786	1.37281	2.50786	1.37281	2.50786	1.37281	2.50786	1.37281	2.50786	1.21214	2.50786	1.21214	2.50786	1.21214	2.50786	1.21214	2.50786	1.21214	
2.52114	1.42844	2.52114	1.42844	2.52114	1.42844	2.52114	1.42844	2.52114	1.42844	2.52114	1.30483	2.52114	1.30483	2.52114	1.30483	2.52114	1.30483	2.52114	1.30483	
2.53403	1.47629	2.53403	1.47629	2.53403	1.47629	2.53403	1.47629	2.53403	1.47629	2.53403	1.37281	2.53403	1.37281	2.53403	1.37281	2.53403	1.37281	2.53403	1.37281	
2.54654	1.51999	2.54654	1.51999	2.54654	1.51999	2.54654	1.51999	2.54654	1.51999	2.54654	1.42844	2.54654	1.42844	2.54654	1.42844	2.54654	1.42844	2.54654	1.42844	
2.55871	1.55425	2.55871	1.55425	2.55871	1.55425	2.55871	1.55425	2.55871	1.55425	2.55871	1.47629	2.55871	1.47629	2.55871	1.47629	2.55871	1.47629	2.55871	1.47629	
2.57171	1.58406	2.57171	1.58406	2.57171	1.58406	2.57171	1.58406	2.57171	1.58406	2.57171	1.51999	2.57171	1.51999	2.57171	1.51999	2.57171	1.51999	2.57171	1.51999	
2.58433	1.59068	2.58433	1.59068	2.58433	1.59068	2.58433	1.59068	2.58433	1.59068	2.58433	1.55425	2.58433	1.55425	2.58433	1.55425	2.58433	1.55425	2.58433	1.55425	
2.59770	1.59306	2.59770	1.59306	2.59770	1.59306	2.59770	1.59306	2.59770	1.59306	2.59770	1.58406	2.59770	1.58406	2.59770	1.58406	2.59770	1.58406	2.59770	1.58406	
2.61066	1.59550	2.61066	1.59550	2.61066	1.59550	2.61066	1.59550	2.61066	1.59550	2.61066	1.59068	2.61066	1.59068	2.61066	1.59068	2.61066	1.59068	2.61066	1.59068	
2.62325	1.59953	2.62325	1.59953	2.62325	1.59953	2.62325	1.59953	2.62325	1.59953	2.62325	1.59306	2.62325	1.59306	2.62325	1.59306	2.62325	1.59306	2.62325	1.59306	
2.63649	1.60362	2.63649	1.60362	2.63649	1.60362	2.63649	1.60362	2.63649	1.60362	2.63649	1.59550	2.63649	1.59550	2.63649	1.59550	2.63649	1.59550	2.63649	1.59550	
2.64933	1.60976	2.64933	1.60976	2.64933	1.60976	2.64933	1.60976	2.64933	1.60976	2.64933	1.59953	2.64933	1.59953	2.64933	1.59953	2.64933	1.59953	2.64933	1.59953	
2.66181	1.61646	2.66181	1.61646	2.66181	1.61646	2.66181	1.61646	2.66181	1.61646	2.66181	1.60362	2.66181	1.60362	2.66181	1.60362	2.66181	1.60362	2.66181	1.60362	
2.67486	1.62232	2.67486	1.62232	2.67486	1.62232	2.67486	1.62232	2.67486	1.62232	2.67486	1.60976	2.67486	1.60976	2.67486	1.60976	2.67486	1.60976	2.67486	1.60976	
2.68753	1.62706	2.68753	1.62706	2.68753	1.62706	2.68753	1.62706	2.68753	1.62706	2.68753	1.61646	2.68753	1.61646	2.68753	1.61646	2.68753	1.61646	2.68753	1.61646	
2.70070	1.63141	2.70070	1.63141	2.70070	1.63141	2.70070	1.63141	2.70070	1.63141	2.70070	1.62232	2.70070	1.62232	2.70070	1.62232	2.70070	1.62232	2.70070	1.62232	
2.71349	1.63397	2.71349	1.63397	2.71349	1.63397	2.71349	1.63397	2.71349	1.63397	2.71349	1.62706	2.71349	1.62706	2.71349	1.62706	2.71349	1.62706	2.71349	1.62706	
2.72591	1.63410	2.72591	1.63410	2.72591	1.63410	2.72591	1.63410	2.72591	1.63410	2.72591	1.63141	2.72591	1.63141	2.72591	1.63141	2.72591	1.63141	2.72591	1.63141	
2.73878	1.63189	2.73878	1.63189	2.73878	1.63189	2.73878	1.63189	2.73878	1.63189	2.73878	1.63397	2.73878	1.63397	2.73878	1.63397	2.73878	1.63397	2.73878	1.63397	
2.75128	1.62657	2.75128	1.62657	2.75128	1.62657	2.75128	1.62657	2.75128	1.62657	2.75128	1.63410	2.75128	1.63410	2.75128	1.63410	2.75128	1.63410	2.75128	1.63410	
2.76418	-5.00000	2.76418	-5.00000	2.76418	-5.00000	2.76418	-5.00000	2.76418	-5.00000	2.76418	1.63189	2.76418	1.63189	2.76418	1.63189	2.76418	1.63189	2.76418	1.63189	
2.77743	-5.00000	2.77743	-5.00000	2.77743	-5.00000	2.77743	-5.00000	2.77743	-5.00000	2.77743	1.62657	2.77743	1.62657	2.77743	1.62657	2.77743	1.62657	2.77743	1.62657	
