# MesswertTabelle
#
# M e s s w e r t t a b e l l e  der Reihen:
#
# DAX PERFORMANCE-INDEX_shuffled_1 (q=-5.0) [127,127] Werte
# DAX PERFORMANCE-INDEX_shuffled_1 (q=-4.0) [127,127] Werte
# DAX PERFORMANCE-INDEX_shuffled_1 (q=-3.0) [127,127] Werte
# DAX PERFORMANCE-INDEX_shuffled_1 (q=-2.0) [127,127] Werte
# DAX PERFORMANCE-INDEX_shuffled_1 (q=-1.0) [127,127] Werte
# DAX PERFORMANCE-INDEX_shuffled_1 (q=1.0) [128,128] Werte
# DAX PERFORMANCE-INDEX_shuffled_1 (q=2.0) [128,128] Werte
# DAX PERFORMANCE-INDEX_shuffled_1 (q=3.0) [128,128] Werte
# DAX PERFORMANCE-INDEX_shuffled_1 (q=4.0) [128,128] Werte
# DAX PERFORMANCE-INDEX_shuffled_1 (q=5.0) [128,128] Werte
#
#
#s	F(s)	s	F(s)	s	F(s)	s	F(s)	s	F(s)	s	F(s)	s	F(s)	s	F(s)	s	F(s)	s	F(s)	
0.60206	-14.74397	0.60206	-14.64146	0.60206	-14.47589	0.60206	-14.16682	0.60206	-13.34152	0.60206	-0.52731	0.60206	-0.28574	0.60206	-0.08030	0.60206	0.05840	0.60206	0.15045	
0.69897	-0.65044	0.69897	-0.61905	0.69897	-0.58051	0.69897	-0.53304	0.69897	-0.47435	0.69897	-0.42380	0.69897	-0.26859	0.69897	-0.09622	0.69897	0.03805	0.69897	0.13139	
0.77815	-13.02814	0.77815	-12.93067	0.77815	-12.76822	0.77815	-12.44332	0.77815	-11.46862	0.77815	-0.28255	0.77815	-0.12512	0.77815	0.01983	0.77815	0.12186	0.77815	0.19107	
0.84510	-0.47862	0.84510	-0.45054	0.84510	-0.41704	0.84510	-0.37659	0.84510	-0.32637	0.84510	-0.21548	0.84510	-0.08447	0.84510	0.04626	0.84510	0.14818	0.84510	0.22193	
0.90309	-0.42901	0.90309	-0.39958	0.90309	-0.36646	0.90309	-0.32941	0.90309	-0.28638	0.90309	-0.16368	0.90309	-0.04257	0.90309	0.06888	0.90309	0.15052	0.90309	0.20705	
0.95424	-0.41607	0.95424	-0.38046	0.95424	-0.34206	0.95424	-0.30038	0.95424	-0.25231	0.95424	-0.14663	0.95424	-0.03076	0.95424	0.08465	0.95424	0.17224	0.95424	0.23354	
1.00000	-0.33202	1.00000	-0.30574	1.00000	-0.27494	1.00000	-0.23881	1.00000	-0.19511	1.00000	-0.09913	1.00000	0.01694	1.00000	0.12526	1.00000	0.20547	1.00000	0.26142	
1.04139	-0.28119	1.04139	-0.26098	1.04139	-0.23674	1.04139	-0.20699	1.04139	-0.16898	1.04139	-0.05971	1.04139	0.03450	1.04139	0.12129	1.04139	0.18697	1.04139	0.23374	
1.07918	-0.28237	1.07918	-0.25674	1.07918	-0.22796	1.07918	-0.19558	1.07918	-0.15740	1.07918	-0.04811	1.07918	0.03493	1.07918	0.11321	1.07918	0.17454	1.07918	0.21926	
1.11394	-0.23586	1.11394	-0.21777	1.11394	-0.19597	1.11394	-0.16883	1.11394	-0.13323	1.11394	-0.03947	1.11394	0.04495	1.11394	0.12615	1.11394	0.18999	1.11394	0.23656	
1.14613	-0.24277	1.14613	-0.22443	1.14613	-0.20293	1.14613	-0.17714	1.14613	-0.14456	1.14613	-0.01608	1.14613	0.06420	1.14613	0.13933	1.14613	0.19835	1.14613	0.24173	
1.17609	-0.18526	1.17609	-0.16903	1.17609	-0.14927	1.17609	-0.12439	1.17609	-0.09117	1.17609	-0.03190	1.17609	0.06270	1.17609	0.16510	1.17609	0.25109	1.17609	0.31558	
1.20412	-0.16280	1.20412	-0.14565	1.20412	-0.12521	1.20412	-0.09977	1.20412	-0.06603	1.20412	0.02820	1.20412	0.12105	1.20412	0.21307	1.20412	0.28686	1.20412	0.34189	
1.23045	-0.15755	1.23045	-0.14309	1.23045	-0.12530	1.23045	-0.10221	1.23045	-0.07001	1.23045	0.05187	1.23045	0.14106	1.23045	0.23026	1.23045	0.30341	1.23045	0.35888	
1.25527	-0.20689	1.25527	-0.18339	1.25527	-0.15900	1.25527	-0.13294	1.25527	-0.10248	1.25527	0.04847	1.25527	0.13610	1.25527	0.22051	1.25527	0.28849	1.25527	0.34011	
1.27875	-0.15747	1.27875	-0.13758	1.27875	-0.11278	1.27875	-0.08118	1.27875	-0.04011	1.27875	-0.00528	1.27875	0.06704	1.27875	0.13960	1.27875	0.19874	1.27875	0.24261	
1.30103	-0.14939	1.30103	-0.12768	1.30103	-0.10138	1.30103	-0.06828	1.30103	-0.02401	1.30103	0.08022	1.30103	0.15444	1.30103	0.22494	1.30103	0.28414	1.30103	0.33098	
1.32222	-0.12917	1.32222	-0.11314	1.32222	-0.09305	1.32222	-0.06663	1.32222	-0.03014	1.32222	0.12443	1.32222	0.22166	1.32222	0.30828	1.32222	0.37546	1.32222	0.42597	
1.34242	-0.13145	1.34242	-0.11220	1.34242	-0.08887	1.34242	-0.05928	1.34242	-0.01907	1.34242	0.08780	1.34242	0.16067	1.34242	0.22595	1.34242	0.27794	1.34242	0.31803	
1.36173	-0.09587	1.36173	-0.07626	1.36173	-0.05276	1.36173	-0.02394	1.36173	0.01256	1.36173	0.12034	1.36173	0.21414	1.36173	0.29842	1.36173	0.36371	1.36173	0.41254	
1.38021	-0.10984	1.38021	-0.08235	1.38021	-0.05118	1.38021	-0.01504	1.38021	0.02900	1.38021	0.11943	1.38021	0.18609	1.38021	0.24931	1.38021	0.30201	1.38021	0.34345	
1.39794	-0.08245	1.39794	-0.06207	1.39794	-0.03701	1.39794	-0.00538	1.39794	0.03621	1.39794	0.16224	1.39794	0.25516	1.39794	0.34773	1.39794	0.42395	1.39794	0.48120	
1.41497	-0.02181	1.41497	-0.00819	1.41497	0.00961	1.41497	0.03398	1.41497	0.06860	1.41497	0.16922	1.41497	0.25819	1.41497	0.34249	1.41497	0.41074	1.41497	0.46255	
1.43136	-0.10877	1.43136	-0.08287	1.43136	-0.05044	1.43136	-0.00982	1.43136	0.04070	1.43136	0.17787	1.43136	0.24051	1.43136	0.29388	1.43136	0.33482	1.43136	0.36548	
1.44716	-0.00687	1.44716	0.00537	1.44716	0.02049	1.44716	0.04022	1.44716	0.06783	1.44716	0.17312	1.44716	0.24731	1.44716	0.31602	1.44716	0.37369	1.44716	0.41953	
1.46240	-0.00816	1.46240	0.00839	1.46240	0.02961	1.46240	0.05798	1.46240	0.09696	1.46240	0.17326	1.46240	0.25979	1.46240	0.34970	1.46240	0.42371	1.46240	0.47871	
1.47712	-0.03264	1.47712	-0.01979	1.47712	-0.00295	1.47712	0.02019	1.47712	0.05391	1.47712	0.21083	1.47712	0.27128	1.47712	0.32122	1.47712	0.35902	1.47712	0.38711	
1.49136	0.01859	1.49136	0.03445	1.49136	0.05409	1.49136	0.07927	1.49136	0.11313	1.49136	0.18615	1.49136	0.29095	1.49136	0.39264	1.49136	0.47149	1.49136	0.52806	
1.50515	0.04279	1.50515	0.05620	1.50515	0.07346	1.50515	0.09639	1.50515	0.12714	1.50515	0.22844	1.50515	0.31274	1.50515	0.39643	1.50515	0.46485	1.50515	0.51616	
1.51851	-0.02739	1.51851	-0.00611	1.51851	0.02072	1.51851	0.05565	1.51851	0.10196	1.51851	0.21388	1.51851	0.26174	1.51851	0.30437	1.51851	0.33924	1.51851	0.36682	
1.53148	0.01098	1.53148	0.03115	1.53148	0.05735	1.53148	0.09190	1.53148	0.13797	1.53148	0.22994	1.53148	0.29637	1.53148	0.35235	1.53148	0.39648	1.53148	0.43090	
1.54407	0.01701	1.54407	0.03343	1.54407	0.05472	1.54407	0.08366	1.54407	0.12461	1.54407	0.27917	1.54407	0.37120	1.54407	0.45849	1.54407	0.52834	1.54407	0.58006	
1.55630	0.04448	1.55630	0.06049	1.55630	0.08065	1.55630	0.10679	1.55630	0.14169	1.55630	0.25798	1.55630	0.33965	1.55630	0.41256	1.55630	0.47039	1.55630	0.51440	
1.56820	0.07788	1.56820	0.09512	1.56820	0.11691	1.56820	0.14524	1.56820	0.18234	1.56820	0.25254	1.56820	0.32871	1.56820	0.40476	1.56820	0.46866	1.56820	0.51765	
1.57978	0.11634	1.57978	0.13120	1.57978	0.14892	1.57978	0.17054	1.57978	0.19741	1.57978	0.28059	1.57978	0.33020	1.57978	0.37214	1.57978	0.40552	1.57978	0.43186	
1.59106	0.03658	1.59106	0.05655	1.59106	0.08226	1.59106	0.11564	1.59106	0.15937	1.59106	0.27207	1.59106	0.31930	1.59106	0.36822	1.59106	0.41348	1.59106	0.45190	
1.61278	0.05043	1.61278	0.06999	1.61278	0.09457	1.61278	0.12622	1.61278	0.16776	1.61278	0.29245	1.61278	0.37948	1.61278	0.46163	1.61278	0.52708	1.61278	0.57550	
1.62325	0.11472	1.62325	0.12809	1.62325	0.14495	1.62325	0.16698	1.62325	0.19684	1.62325	0.28982	1.62325	0.36437	1.62325	0.43423	1.62325	0.49165	1.62325	0.53579	
1.63347	0.07811	1.63347	0.10266	1.63347	0.13205	1.63347	0.16738	1.63347	0.20917	1.63347	0.29400	1.63347	0.36090	1.63347	0.42759	1.63347	0.48409	1.63347	0.52798	
1.64345	0.11164	1.64345	0.13136	1.64345	0.15531	1.64345	0.18491	1.64345	0.22203	1.64345	0.30230	1.64345	0.34342	1.64345	0.37656	1.64345	0.40217	1.64345	0.42187	
1.66276	0.12802	1.66276	0.14770	1.66276	0.17219	1.66276	0.20322	1.66276	0.24332	1.66276	0.32496	1.66276	0.38700	1.66276	0.44666	1.66276	0.49747	1.66276	0.53775	
1.67210	0.08875	1.67210	0.12193	1.67210	0.16154	1.67210	0.20682	1.67210	0.25687	1.67210	0.36550	1.67210	0.44754	1.67210	0.52687	1.67210	0.59082	1.67210	0.63815	
1.69020	0.08250	1.69020	0.10832	1.69020	0.13958	1.69020	0.17712	1.69020	0.22183	1.69020	0.37313	1.69020	0.43714	1.69020	0.49682	1.69020	0.54653	1.69020	0.58538	
1.69897	0.13662	1.69897	0.16097	1.69897	0.18887	1.69897	0.22008	1.69897	0.25428	1.69897	0.33411	1.69897	0.39638	1.69897	0.45411	1.69897	0.50241	1.69897	0.54053	
1.71600	0.20435	1.71600	0.22447	1.71600	0.24924	1.71600	0.27905	1.71600	0.31328	1.71600	0.33041	1.71600	0.37051	1.71600	0.40913	1.71600	0.44393	1.71600	0.47366	
1.72428	0.08323	1.72428	0.12161	1.72428	0.16957	1.72428	0.22472	1.72428	0.28104	1.72428	0.38515	1.72428	0.41684	1.72428	0.44360	1.72428	0.46551	1.72428	0.48329	
1.74036	0.12384	1.74036	0.15789	1.74036	0.19828	1.74036	0.24286	1.74036	0.28889	1.74036	0.38039	1.74036	0.42355	1.74036	0.46292	1.74036	0.49772	1.74036	0.52729	
1.74819	0.15349	1.74819	0.18049	1.74819	0.21221	1.74819	0.24924	1.74819	0.29350	1.74819	0.38737	1.74819	0.44367	1.74819	0.50016	1.74819	0.54971	1.74819	0.58921	
1.76343	0.23134	1.76343	0.24728	1.76343	0.26660	1.76343	0.29063	1.76343	0.32137	1.76343	0.41856	1.76343	0.49620	1.76343	0.56723	1.76343	0.62301	1.76343	0.66418	
1.77815	0.21462	1.77815	0.23226	1.77815	0.25272	1.77815	0.27680	1.77815	0.30591	1.77815	0.41250	1.77815	0.47144	1.77815	0.52936	1.77815	0.57850	1.77815	0.61686	
1.78533	0.09977	1.78533	0.13223	1.78533	0.17156	1.78533	0.21595	1.78533	0.26227	1.78533	0.38639	1.78533	0.43720	1.78533	0.48805	1.78533	0.53260	1.78533	0.56843	
1.79934	0.16720	1.79934	0.19357	1.79934	0.22360	1.79934	0.25639	1.79934	0.29115	1.79934	0.35673	1.79934	0.40625	1.79934	0.45437	1.79934	0.49663	1.79934	0.53091	
1.81291	0.28100	1.81291	0.29219	1.81291	0.30566	1.81291	0.32245	1.81291	0.34408	1.81291	0.36545	1.81291	0.40270	1.81291	0.43660	1.81291	0.46516	1.81291	0.48803	
1.82607	0.23144	1.82607	0.25168	1.82607	0.27539	1.82607	0.30309	1.82607	0.33541	1.82607	0.40831	1.82607	0.44987	1.82607	0.49187	1.82607	0.52926	1.82607	0.55996	
1.83885	0.21059	1.83885	0.24093	1.83885	0.27730	1.83885	0.31791	1.83885	0.36032	1.83885	0.41497	1.83885	0.45892	1.83885	0.50053	1.83885	0.53656	1.83885	0.56603	
1.85126	0.14381	1.85126	0.17801	1.85126	0.22235	1.85126	0.27700	1.85126	0.33907	1.85126	0.45146	1.85126	0.50288	1.85126	0.55375	1.85126	0.59792	1.85126	0.63291	
1.86332	0.24876	1.86332	0.26882	1.86332	0.29351	1.86332	0.32436	1.86332	0.36359	1.86332	0.46923	1.86332	0.53071	1.86332	0.58420	1.86332	0.62723	1.86332	0.66038	
1.88081	0.32114	1.88081	0.33252	1.88081	0.34756	1.88081	0.36808	1.88081	0.39658	1.88081	0.47373	1.88081	0.53754	1.88081	0.59511	1.88081	0.64119	1.88081	0.67614	
1.89209	0.32530	1.89209	0.33535	1.89209	0.34781	1.89209	0.36377	1.89209	0.38483	1.89209	0.48387	1.89209	0.53609	1.89209	0.58403	1.89209	0.62339	1.89209	0.65412	
1.90309	0.20966	1.90309	0.23708	1.90309	0.27066	1.90309	0.30979	1.90309	0.35209	1.90309	0.44812	1.90309	0.48857	1.90309	0.52876	1.90309	0.56401	1.90309	0.59263	
1.91908	0.21507	1.91908	0.24374	1.91908	0.27976	1.91908	0.32284	1.91908	0.37013	1.91908	0.43340	1.91908	0.46822	1.91908	0.49823	1.91908	0.52355	1.91908	0.54460	
1.92942	0.20672	1.92942	0.23767	1.92942	0.27725	1.92942	0.32431	1.92942	0.37301	1.92942	0.45804	1.92942	0.49244	1.92942	0.52008	1.92942	0.54201	1.92942	0.55942	
1.94448	0.30672	1.94448	0.32238	1.94448	0.34165	1.94448	0.36571	1.94448	0.39635	1.94448	0.44813	1.94448	0.47180	1.94448	0.48915	1.94448	0.50234	1.94448	0.51279	
1.95424	0.36001	1.95424	0.36970	1.95424	0.38192	1.95424	0.39783	1.95424	0.41914	1.95424	0.48396	1.95424	0.53662	1.95424	0.58560	1.95424	0.62565	1.95424	0.65628	
1.96848	0.34176	1.96848	0.35365	1.96848	0.36824	1.96848	0.38666	1.96848	0.41051	1.96848	0.48484	1.96848	0.52728	1.96848	0.56907	1.96848	0.60508	1.96848	0.63372	
1.98227	0.33937	1.98227	0.35402	1.98227	0.37376	1.98227	0.40070	1.98227	0.43664	1.98227	0.48010	1.98227	0.52313	1.98227	0.56474	1.98227	0.60032	1.98227	0.62860	
1.99564	0.31388	1.99564	0.33647	1.99564	0.36538	1.99564	0.40227	1.99564	0.44793	1.99564	0.52864	1.99564	0.57274	1.99564	0.60925	1.99564	0.63797	1.99564	0.66038	
2.00860	0.22358	2.00860	0.24950	2.00860	0.28414	2.00860	0.33045	2.00860	0.39125	2.00860	0.55411	2.00860	0.60269	2.00860	0.64291	2.00860	0.67473	2.00860	0.69959	
2.02119	0.32484	2.02119	0.34127	2.02119	0.36237	2.02119	0.39063	2.02119	0.43006	2.02119	0.54787	2.02119	0.62112	2.02119	0.67768	2.02119	0.71838	2.02119	0.74741	
2.03342	0.29972	2.03342	0.31863	2.03342	0.34260	2.03342	0.37362	2.03342	0.41469	2.03342	0.55413	2.03342	0.62411	2.03342	0.68155	2.03342	0.72355	2.03342	0.75342	
2.04532	0.43177	2.04532	0.44238	2.04532	0.45563	2.04532	0.47249	2.04532	0.49413	2.04532	0.53338	2.04532	0.59829	2.04532	0.65242	2.04532	0.69287	2.04532	0.72211	
2.05690	0.44394	2.05690	0.45287	2.05690	0.46402	2.05690	0.47806	2.05690	0.49563	2.05690	0.55429	2.05690	0.58970	2.05690	0.62362	2.05690	0.65294	2.05690	0.67672	
2.07188	0.41070	2.07188	0.42173	2.07188	0.43605	2.07188	0.45477	2.07188	0.47882	2.07188	0.54173	2.07188	0.56802	2.07188	0.59360	2.07188	0.61657	2.07188	0.63609	
2.08279	0.39863	2.08279	0.40934	2.08279	0.42386	2.08279	0.44391	2.08279	0.47139	2.08279	0.54014	2.08279	0.57149	2.08279	0.59896	2.08279	0.62142	2.08279	0.63921	
2.09691	0.36401	2.09691	0.37457	2.09691	0.38778	2.09691	0.40447	2.09691	0.42539	2.09691	0.54794	2.09691	0.58846	2.09691	0.62341	2.09691	0.65116	2.09691	0.67256	
2.11059	0.31833	2.11059	0.33803	2.11059	0.36232	2.11059	0.39089	2.11059	0.42199	2.11059	0.47924	2.11059	0.50843	2.11059	0.53543	2.11059	0.55853	2.11059	0.57736	
2.12385	0.34027	2.12385	0.36068	2.12385	0.38683	2.12385	0.41982	2.12385	0.46010	2.12385	0.48063	2.12385	0.50440	2.12385	0.52411	2.12385	0.54037	2.12385	0.55383	
2.13672	0.52370	2.13672	0.52978	2.13672	0.53772	2.13672	0.54826	2.13672	0.56224	2.13672	0.55457	2.13672	0.59948	2.13672	0.63720	2.13672	0.66683	2.13672	0.68942	
2.14922	0.49881	2.14922	0.50870	2.14922	0.52084	2.14922	0.53586	2.14922	0.55434	2.14922	0.60235	2.14922	0.62683	2.14922	0.65128	2.14922	0.67344	2.14922	0.69219	
2.16137	0.50002	2.16137	0.50956	2.16137	0.52105	2.16137	0.53502	2.16137	0.55199	2.16137	0.60125	2.16137	0.62699	2.16137	0.65135	2.16137	0.67274	2.16137	0.69059	
2.17319	0.48401	2.17319	0.49845	2.17319	0.51589	2.17319	0.53661	2.17319	0.56047	2.17319	0.59499	2.17319	0.61894	2.17319	0.64202	2.17319	0.66266	2.17319	0.68014	
2.18752	0.45616	2.18752	0.47017	2.18752	0.48860	2.18752	0.51318	2.18752	0.54558	2.18752	0.61318	2.18752	0.63845	2.18752	0.66096	2.18752	0.68011	2.18752	0.69597	
2.19866	0.44894	2.19866	0.46375	2.19866	0.48374	2.19866	0.51152	2.19866	0.55032	2.19866	0.62930	2.19866	0.67004	2.19866	0.70339	2.19866	0.72873	2.19866	0.74751	
2.21219	0.43342	2.21219	0.44933	2.21219	0.47119	2.21219	0.50250	2.21219	0.54819	2.21219	0.65824	2.21219	0.71031	2.21219	0.75067	2.21219	0.77963	2.21219	0.80013	
2.22531	0.41311	2.22531	0.43020	2.22531	0.45393	2.22531	0.48825	2.22531	0.53891	2.22531	0.68232	2.22531	0.74533	2.22531	0.79149	2.22531	0.82298	2.22531	0.84451	
2.23805	0.43195	2.23805	0.44841	2.23805	0.47115	2.23805	0.50390	2.23805	0.55205	2.23805	0.68801	2.23805	0.75582	2.23805	0.80404	2.23805	0.83627	2.23805	0.85807	
2.25042	0.42220	2.25042	0.43961	2.25042	0.46377	2.25042	0.49849	2.25042	0.54898	2.25042	0.69412	2.25042	0.75987	2.25042	0.80726	2.25042	0.83922	2.25042	0.86092	
2.26482	0.61222	2.26482	0.61986	2.26482	0.63069	2.26482	0.64628	2.26482	0.66844	2.26482	0.69312	2.26482	0.75809	2.26482	0.80474	2.26482	0.83627	2.26482	0.85778	
2.27646	0.63513	2.27646	0.64339	2.27646	0.65422	2.27646	0.66854	2.27646	0.68720	2.27646	0.73362	2.27646	0.76974	2.27646	0.80140	2.27646	0.82647	2.27646	0.84541	
2.29003	0.63375	2.29003	0.64085	2.29003	0.64985	2.29003	0.66123	2.29003	0.67538	2.29003	0.73680	2.29003	0.76373	2.29003	0.78831	2.29003	0.80893	2.29003	0.82541	
2.30320	0.61312	2.30320	0.61915	2.30320	0.62690	2.30320	0.63678	2.30320	0.64915	2.30320	0.71114	2.30320	0.73063	2.30320	0.74916	2.30320	0.76559	2.30320	0.77946	
2.31597	0.62142	2.31597	0.63053	2.31597	0.64173	2.31597	0.65513	2.31597	0.67046	2.31597	0.68080	2.31597	0.69840	2.31597	0.71545	2.31597	0.73087	2.31597	0.74411	
2.32838	0.61586	2.32838	0.62447	2.32838	0.63491	2.32838	0.64723	2.32838	0.66117	2.32838	0.70347	2.32838	0.71881	2.32838	0.73221	2.32838	0.74341	2.32838	0.75251	
2.34044	0.61005	2.34044	0.61904	2.34044	0.63006	2.34044	0.64319	2.34044	0.65819	2.34044	0.69096	2.34044	0.70490	2.34044	0.71722	2.34044	0.72766	2.34044	0.73627	
2.35411	0.60517	2.35411	0.61475	2.35411	0.62670	2.35411	0.64120	2.35411	0.65802	2.35411	0.69041	2.35411	0.70541	2.35411	0.71854	2.35411	0.72956	2.35411	0.73855	
2.36736	0.60148	2.36736	0.61125	2.36736	0.62349	2.36736	0.63844	2.36736	0.65586	2.36736	0.69448	2.36736	0.71130	2.36736	0.72580	2.36736	0.73775	2.36736	0.74733	
2.38021	0.59743	2.38021	0.60656	2.38021	0.61780	2.38021	0.63126	2.38021	0.64668	2.38021	0.69374	2.38021	0.71116	2.38021	0.72611	2.38021	0.73835	2.38021	0.74812	
2.39270	0.58547	2.39270	0.59090	2.39270	0.59695	2.39270	0.60359	2.39270	0.61065	2.39270	0.67988	2.39270	0.69530	2.39270	0.70875	2.39270	0.71999	2.39270	0.72913	
2.40483	0.47872	2.40483	0.48296	2.40483	0.48757	2.40483	0.49250	2.40483	0.49767	2.40483	0.62526	2.40483	0.63233	2.40483	0.63896	2.40483	0.64502	2.40483	0.65044	
2.41830	0.46799	2.41830	0.48129	2.41830	0.50042	2.41830	0.52796	2.41830	0.56576	2.41830	0.50825	2.41830	0.51342	2.41830	0.51835	2.41830	0.52296	2.41830	0.52720	
2.43136	0.46469	2.43136	0.47880	2.43136	0.50008	2.43136	0.53296	2.43136	0.58217	2.43136	0.65735	2.43136	0.69515	2.43136	0.72270	2.43136	0.74182	2.43136	0.75513	
2.44404	0.66025	2.44404	0.67175	2.44404	0.68702	2.44404	0.70692	2.44404	0.73152	2.44404	0.70966	2.44404	0.75888	2.44404	0.79176	2.44404	0.81303	2.44404	0.82715	
2.45637	0.70239	2.45637	0.71368	2.45637	0.72857	2.45637	0.74780	2.45637	0.77138	2.45637	0.78703	2.45637	0.81163	2.45637	0.83153	2.45637	0.84680	2.45637	0.85830	
2.46982	0.70405	2.46982	0.71565	2.46982	0.73112	2.46982	0.75138	2.46982	0.77654	2.46982	0.82430	2.46982	0.84788	2.46982	0.86711	2.46982	0.88200	2.46982	0.89329	
2.48144	0.70790	2.48144	0.71942	2.48144	0.73475	2.48144	0.75475	2.48144	0.77950	2.48144	0.83347	2.48144	0.85863	2.48144	0.87889	2.48144	0.89437	2.48144	0.90597	
2.49554	0.96036	2.49554	0.96036	2.49554	0.96036	2.49554	0.96036	2.49554	0.96036	2.49554	0.83539	2.49554	0.86015	2.49554	0.88015	2.49554	0.89548	2.49554	0.90700	
2.50786	0.95399	2.50786	0.95399	2.50786	0.95399	2.50786	0.95399	2.50786	0.95399	2.50786	0.96036	2.50786	0.96036	2.50786	0.96036	2.50786	0.96036	2.50786	0.96036	
2.52114	0.94917	2.52114	0.94917	2.52114	0.94917	2.52114	0.94917	2.52114	0.94917	2.52114	0.95399	2.52114	0.95399	2.52114	0.95399	2.52114	0.95399	2.52114	0.95399	
2.53403	0.94363	2.53403	0.94363	2.53403	0.94363	2.53403	0.94363	2.53403	0.94363	2.53403	0.94917	2.53403	0.94917	2.53403	0.94917	2.53403	0.94917	2.53403	0.94917	
2.54654	0.94158	2.54654	0.94158	2.54654	0.94158	2.54654	0.94158	2.54654	0.94158	2.54654	0.94363	2.54654	0.94363	2.54654	0.94363	2.54654	0.94363	2.54654	0.94363	
2.55871	0.93777	2.55871	0.93777	2.55871	0.93777	2.55871	0.93777	2.55871	0.93777	2.55871	0.94158	2.55871	0.94158	2.55871	0.94158	2.55871	0.94158	2.55871	0.94158	
2.57171	0.93474	2.57171	0.93474	2.57171	0.93474	2.57171	0.93474	2.57171	0.93474	2.57171	0.93777	2.57171	0.93777	2.57171	0.93777	2.57171	0.93777	2.57171	0.93777	
2.58433	0.93615	2.58433	0.93615	2.58433	0.93615	2.58433	0.93615	2.58433	0.93615	2.58433	0.93474	2.58433	0.93474	2.58433	0.93474	2.58433	0.93474	2.58433	0.93474	
2.59770	0.94984	2.59770	0.94984	2.59770	0.94984	2.59770	0.94984	2.59770	0.94984	2.59770	0.93615	2.59770	0.93615	2.59770	0.93615	2.59770	0.93615	2.59770	0.93615	
2.61066	0.96009	2.61066	0.96009	2.61066	0.96009	2.61066	0.96009	2.61066	0.96009	2.61066	0.94984	2.61066	0.94984	2.61066	0.94984	2.61066	0.94984	2.61066	0.94984	
2.62325	0.96691	2.62325	0.96691	2.62325	0.96691	2.62325	0.96691	2.62325	0.96691	2.62325	0.96009	2.62325	0.96009	2.62325	0.96009	2.62325	0.96009	2.62325	0.96009	
2.63649	0.97607	2.63649	0.97607	2.63649	0.97607	2.63649	0.97607	2.63649	0.97607	2.63649	0.96691	2.63649	0.96691	2.63649	0.96691	2.63649	0.96691	2.63649	0.96691	
2.64933	0.98282	2.64933	0.98282	2.64933	0.98282	2.64933	0.98282	2.64933	0.98282	2.64933	0.97607	2.64933	0.97607	2.64933	0.97607	2.64933	0.97607	2.64933	0.97607	
2.66181	0.99267	2.66181	0.99267	2.66181	0.99267	2.66181	0.99267	2.66181	0.99267	2.66181	0.98282	2.66181	0.98282	2.66181	0.98282	2.66181	0.98282	2.66181	0.98282	
2.67486	1.00198	2.67486	1.00198	2.67486	1.00198	2.67486	1.00198	2.67486	1.00198	2.67486	0.99267	2.67486	0.99267	2.67486	0.99267	2.67486	0.99267	2.67486	0.99267	
2.68753	1.01245	2.68753	1.01245	2.68753	1.01245	2.68753	1.01245	2.68753	1.01245	2.68753	1.00198	2.68753	1.00198	2.68753	1.00198	2.68753	1.00198	2.68753	1.00198	
2.70070	1.02440	2.70070	1.02440	2.70070	1.02440	2.70070	1.02440	2.70070	1.02440	2.70070	1.01245	2.70070	1.01245	2.70070	1.01245	2.70070	1.01245	2.70070	1.01245	
2.71349	1.03905	2.71349	1.03905	2.71349	1.03905	2.71349	1.03905	2.71349	1.03905	2.71349	1.02440	2.71349	1.02440	2.71349	1.02440	2.71349	1.02440	2.71349	1.02440	
2.72591	1.04567	2.72591	1.04567	2.72591	1.04567	2.72591	1.04567	2.72591	1.04567	2.72591	1.03905	2.72591	1.03905	2.72591	1.03905	2.72591	1.03905	2.72591	1.03905	
2.73878	1.04584	2.73878	1.04584	2.73878	1.04584	2.73878	1.04584	2.73878	1.04584	2.73878	1.04567	2.73878	1.04567	2.73878	1.04567	2.73878	1.04567	2.73878	1.04567	
2.75128	1.03959	2.75128	1.03959	2.75128	1.03959	2.75128	1.03959	2.75128	1.03959	2.75128	1.04584	2.75128	1.04584	2.75128	1.04584	2.75128	1.04584	2.75128	1.04584	
2.76418	1.03434	2.76418	1.03434	2.76418	1.03434	2.76418	1.03434	2.76418	1.03434	2.76418	1.03959	2.76418	1.03959	2.76418	1.03959	2.76418	1.03959	2.76418	1.03959	
2.77743	-5.00000	2.77743	-5.00000	2.77743	-5.00000	2.77743	-5.00000	2.77743	-5.00000	2.77743	1.03434	2.77743	1.03434	2.77743	1.03434	2.77743	1.03434	2.77743	1.03434	
