# MesswertTabelle
#
# M e s s w e r t t a b e l l e  der Reihen:
#
# Dow Jones Industrial Average_shuffled_1 (q=-5.0) [127,127] Werte
# Dow Jones Industrial Average_shuffled_1 (q=-4.0) [127,127] Werte
# Dow Jones Industrial Average_shuffled_1 (q=-3.0) [127,127] Werte
# Dow Jones Industrial Average_shuffled_1 (q=-2.0) [127,127] Werte
# Dow Jones Industrial Average_shuffled_1 (q=-1.0) [127,127] Werte
# Dow Jones Industrial Average_shuffled_1 (q=1.0) [128,128] Werte
# Dow Jones Industrial Average_shuffled_1 (q=2.0) [128,128] Werte
# Dow Jones Industrial Average_shuffled_1 (q=3.0) [128,128] Werte
# Dow Jones Industrial Average_shuffled_1 (q=4.0) [128,128] Werte
# Dow Jones Industrial Average_shuffled_1 (q=5.0) [128,128] Werte
#
#
#s	F(s)	s	F(s)	s	F(s)	s	F(s)	s	F(s)	s	F(s)	s	F(s)	s	F(s)	s	F(s)	s	F(s)	
0.60206	-0.65409	0.60206	-0.58170	0.60206	-0.47427	0.60206	-0.31847	0.60206	-0.12652	0.60206	0.08657	0.60206	0.28873	0.60206	0.43757	0.60206	0.54642	0.60206	0.62717	
0.69897	-0.18493	0.69897	-0.14487	0.69897	-0.09282	0.69897	-0.02438	0.69897	0.06624	0.69897	0.26945	0.69897	0.46813	0.69897	0.64440	0.69897	0.77881	0.69897	0.87379	
0.77815	-0.23008	0.77815	-0.16718	0.77815	-0.08303	0.77815	0.02330	0.77815	0.14425	0.77815	0.32632	0.77815	0.46101	0.77815	0.56553	0.77815	0.64088	0.77815	0.69563	
0.84510	-0.07708	0.84510	-0.01185	0.84510	0.06952	0.84510	0.16336	0.84510	0.26294	0.84510	0.42999	0.84510	0.60142	0.84510	0.75736	0.84510	0.87618	0.84510	0.96120	
0.90309	0.13195	0.90309	0.16321	0.90309	0.20289	0.90309	0.25395	0.90309	0.32087	0.90309	0.47937	0.90309	0.58680	0.90309	0.67534	0.90309	0.74233	0.90309	0.79245	
0.95424	0.20692	0.95424	0.23936	0.95424	0.27769	0.95424	0.32342	0.95424	0.37989	0.95424	0.52510	0.95424	0.65686	0.95424	0.77972	0.95424	0.87738	0.95424	0.95020	
1.00000	0.11658	1.00000	0.16631	1.00000	0.22640	1.00000	0.29692	1.00000	0.37796	1.00000	0.55460	1.00000	0.67291	1.00000	0.78055	1.00000	0.86288	1.00000	0.92325	
1.04139	0.32545	1.04139	0.34532	1.04139	0.37086	1.04139	0.40496	1.04139	0.45245	1.04139	0.58618	1.04139	0.71748	1.04139	0.84407	1.04139	0.94514	1.04139	1.01927	
1.07918	0.28962	1.07918	0.32357	1.07918	0.36482	1.07918	0.41548	1.07918	0.47903	1.07918	0.60609	1.07918	0.69739	1.07918	0.77492	1.07918	0.83374	1.07918	0.87740	
1.11394	0.35296	1.11394	0.37620	1.11394	0.40553	1.11394	0.44383	1.11394	0.49598	1.11394	0.66220	1.11394	0.77307	1.11394	0.87353	1.11394	0.95382	1.11394	1.01507	
1.14613	0.36319	1.14613	0.38598	1.14613	0.41512	1.14613	0.45325	1.14613	0.50396	1.14613	0.67075	1.14613	0.78844	1.14613	0.89456	1.14613	0.97532	1.14613	1.03386	
1.17609	0.37486	1.17609	0.40374	1.17609	0.43876	1.17609	0.48226	1.17609	0.53704	1.17609	0.65849	1.17609	0.75884	1.17609	0.85548	1.17609	0.93520	1.17609	0.99627	
1.20412	0.42023	1.20412	0.44238	1.20412	0.47059	1.20412	0.50781	1.20412	0.55828	1.20412	0.68306	1.20412	0.76216	1.20412	0.83249	1.20412	0.89026	1.20412	0.93632	
1.23045	0.45133	1.23045	0.47170	1.23045	0.49666	1.23045	0.52822	1.23045	0.56997	1.23045	0.71101	1.23045	0.80080	1.23045	0.88118	1.23045	0.94601	1.23045	0.99632	
1.25527	0.40088	1.25527	0.43947	1.25527	0.48488	1.25527	0.53804	1.25527	0.60090	1.25527	0.70905	1.25527	0.80782	1.25527	0.90204	1.25527	0.97635	1.25527	1.03097	
1.27875	0.43909	1.27875	0.46336	1.27875	0.49401	1.27875	0.53391	1.27875	0.58708	1.27875	0.75532	1.27875	0.83171	1.27875	0.89605	1.27875	0.94734	1.27875	0.98786	
1.30103	0.48923	1.30103	0.51391	1.30103	0.54561	1.30103	0.58659	1.30103	0.63912	1.30103	0.74349	1.30103	0.83480	1.30103	0.91723	1.30103	0.98403	1.30103	1.03572	
1.32222	0.48383	1.32222	0.50536	1.32222	0.53235	1.32222	0.56721	1.32222	0.61380	1.32222	0.77840	1.32222	0.85310	1.32222	0.91859	1.32222	0.97085	1.32222	1.01094	
1.34242	0.53894	1.34242	0.55913	1.34242	0.58548	1.34242	0.62055	1.34242	0.66737	1.34242	0.75909	1.34242	0.84802	1.34242	0.92601	1.34242	0.98566	1.34242	1.02944	
1.36173	0.57145	1.36173	0.59436	1.36173	0.62116	1.36173	0.65294	1.36173	0.69085	1.36173	0.80025	1.36173	0.87538	1.36173	0.94310	1.36173	0.99847	1.36173	1.04189	
1.38021	0.56584	1.38021	0.58312	1.38021	0.60530	1.38021	0.63435	1.38021	0.67273	1.38021	0.78227	1.38021	0.82777	1.38021	0.86722	1.38021	0.89941	1.38021	0.92521	
1.39794	0.57870	1.39794	0.60930	1.39794	0.64501	1.39794	0.68604	1.39794	0.73294	1.39794	0.78474	1.39794	0.85369	1.39794	0.92053	1.39794	0.97803	1.39794	1.02421	
1.41497	0.62451	1.41497	0.64225	1.41497	0.66529	1.41497	0.69604	1.41497	0.73744	1.41497	0.84749	1.41497	0.91083	1.41497	0.96931	1.41497	1.01795	1.41497	1.05626	
1.43136	0.55678	1.43136	0.59033	1.43136	0.63135	1.43136	0.68040	1.43136	0.73650	1.43136	0.85532	1.43136	0.92019	1.43136	0.97710	1.43136	1.02274	1.43136	1.05819	
1.44716	0.61535	1.44716	0.63537	1.44716	0.66112	1.44716	0.69504	1.44716	0.74048	1.44716	0.85412	1.44716	0.90548	1.44716	0.94828	1.44716	0.98294	1.44716	1.01087	
1.46240	0.63521	1.46240	0.65556	1.46240	0.67952	1.46240	0.70833	1.46240	0.74390	1.46240	0.87178	1.46240	0.94454	1.46240	1.00758	1.46240	1.05752	1.46240	1.09617	
1.47712	0.57766	1.47712	0.61541	1.47712	0.66233	1.47712	0.71797	1.47712	0.77863	1.47712	0.84228	1.47712	0.90162	1.47712	0.95900	1.47712	1.00874	1.47712	1.04927	
1.49136	0.65760	1.49136	0.68125	1.49136	0.71097	1.49136	0.74699	1.49136	0.78768	1.49136	0.89400	1.49136	0.94324	1.49136	0.98592	1.49136	1.02195	1.49136	1.05176	
1.50515	0.74524	1.50515	0.75495	1.50515	0.76732	1.50515	0.78372	1.50515	0.80613	1.50515	0.86814	1.50515	0.90180	1.50515	0.93008	1.50515	0.95364	1.50515	0.97331	
1.51851	0.64904	1.51851	0.68107	1.51851	0.71871	1.51851	0.76202	1.51851	0.81145	1.51851	0.87701	1.51851	0.92328	1.51851	0.96877	1.51851	1.00790	1.51851	1.03914	
1.53148	0.55856	1.53148	0.59742	1.53148	0.64862	1.53148	0.71396	1.53148	0.79028	1.53148	0.93018	1.53148	0.99263	1.53148	1.04761	1.53148	1.09164	1.53148	1.12553	
1.54407	0.69518	1.54407	0.71758	1.54407	0.74337	1.54407	0.77351	1.54407	0.80952	1.54407	0.94103	1.54407	1.00437	1.54407	1.05794	1.54407	1.10190	1.54407	1.13725	
1.55630	0.71535	1.55630	0.74251	1.55630	0.77272	1.55630	0.80599	1.55630	0.84286	1.55630	0.90205	1.55630	0.95253	1.55630	0.99805	1.55630	1.03551	1.55630	1.06511	
1.56820	0.79765	1.56820	0.81314	1.56820	0.83217	1.56820	0.85573	1.56820	0.88456	1.56820	0.92826	1.56820	0.97267	1.56820	1.01310	1.56820	1.04723	1.56820	1.07488	
1.57978	0.71620	1.57978	0.74328	1.57978	0.77781	1.57978	0.82076	1.57978	0.87077	1.57978	0.95444	1.57978	0.98952	1.57978	1.02056	1.57978	1.04648	1.57978	1.06765	
1.59106	0.75198	1.59106	0.76853	1.59106	0.78955	1.59106	0.81697	1.59106	0.85360	1.59106	0.97074	1.59106	1.01059	1.59106	1.04216	1.59106	1.06686	1.59106	1.08630	
1.61278	0.78423	1.61278	0.80100	1.61278	0.82229	1.61278	0.85014	1.61278	0.88707	1.61278	0.96089	1.61278	1.02168	1.61278	1.07454	1.61278	1.11571	1.61278	1.14654	
1.62325	0.81295	1.62325	0.83373	1.62325	0.85915	1.62325	0.89066	1.62325	0.92962	1.62325	0.99137	1.62325	1.04973	1.62325	1.10245	1.62325	1.14624	1.62325	1.18132	
1.63347	0.74235	1.63347	0.76199	1.63347	0.78655	1.63347	0.81703	1.63347	0.85403	1.63347	1.02618	1.63347	1.07488	1.63347	1.11745	1.63347	1.15250	1.63347	1.18073	
1.64345	0.68219	1.64345	0.72215	1.64345	0.77234	1.64345	0.83174	1.64345	0.89649	1.64345	0.94321	1.64345	0.98897	1.64345	1.03058	1.64345	1.06614	1.64345	1.09549	
1.66276	0.82384	1.66276	0.84806	1.66276	0.87707	1.66276	0.91157	1.66276	0.95143	1.66276	1.02392	1.66276	1.07819	1.66276	1.12229	1.66276	1.15652	1.66276	1.18276	
1.67210	0.81705	1.67210	0.83409	1.67210	0.85635	1.67210	0.88582	1.67210	0.92392	1.67210	1.03698	1.67210	1.07443	1.67210	1.10515	1.67210	1.12950	1.67210	1.14872	
1.69020	0.83535	1.69020	0.85017	1.69020	0.86790	1.69020	0.88931	1.69020	0.91505	1.69020	1.01528	1.69020	1.05569	1.69020	1.08733	1.69020	1.11095	1.69020	1.12852	
1.69897	0.82421	1.69897	0.84513	1.69897	0.87174	1.69897	0.90619	1.69897	0.95050	1.69897	0.97783	1.69897	1.01056	1.69897	1.04037	1.69897	1.06568	1.69897	1.08631	
1.71600	0.79560	1.71600	0.81570	1.71600	0.84149	1.71600	0.87549	1.71600	0.92052	1.71600	1.06319	1.71600	1.11870	1.71600	1.16543	1.71600	1.20234	1.71600	1.23090	
1.72428	0.89325	1.72428	0.90754	1.72428	0.92614	1.72428	0.95107	1.72428	0.98462	1.72428	1.04095	1.72428	1.10141	1.72428	1.15181	1.72428	1.19114	1.72428	1.22138	
1.74036	0.82916	1.74036	0.85629	1.74036	0.88936	1.74036	0.92832	1.74036	0.97155	1.74036	1.07778	1.74036	1.12728	1.74036	1.17018	1.74036	1.20459	1.74036	1.23153	
1.74819	0.88259	1.74819	0.89820	1.74819	0.91747	1.74819	0.94103	1.74819	0.96903	1.74819	1.05874	1.74819	1.09791	1.74819	1.13292	1.74819	1.16357	1.74819	1.18989	
1.76343	0.83578	1.76343	0.85786	1.76343	0.88563	1.76343	0.92101	1.76343	0.96619	1.76343	1.03384	1.76343	1.06620	1.76343	1.09574	1.76343	1.12154	1.76343	1.14351	
1.77815	0.83667	1.77815	0.85801	1.77815	0.88578	1.77815	0.92286	1.77815	0.97177	1.77815	1.08568	1.77815	1.14802	1.77815	1.20117	1.77815	1.24275	1.77815	1.27430	
1.78533	0.87846	1.78533	0.89731	1.78533	0.92172	1.78533	0.95315	1.78533	0.99197	1.78533	1.09103	1.78533	1.14257	1.78533	1.18214	1.78533	1.21159	1.78533	1.23378	
1.79934	0.89748	1.79934	0.91536	1.79934	0.93754	1.79934	0.96457	1.79934	0.99608	1.79934	1.07834	1.79934	1.11503	1.79934	1.14386	1.79934	1.16573	1.79934	1.18233	
1.81291	0.89154	1.81291	0.91144	1.81291	0.93637	1.81291	0.96652	1.81291	1.00042	1.81291	1.06372	1.81291	1.09394	1.81291	1.11947	1.81291	1.14030	1.81291	1.15710	
1.82607	0.94108	1.82607	0.96066	1.82607	0.98451	1.82607	1.01301	1.82607	1.04560	1.82607	1.06547	1.82607	1.09090	1.82607	1.11096	1.82607	1.12666	1.82607	1.13910	
1.83885	0.96153	1.83885	0.97636	1.83885	0.99596	1.83885	1.02249	1.83885	1.05846	1.83885	1.11431	1.83885	1.14516	1.83885	1.17176	1.83885	1.19413	1.83885	1.21282	
1.85126	0.95241	1.85126	0.96928	1.85126	0.99138	1.85126	1.02065	1.85126	1.05865	1.85126	1.15792	1.85126	1.20950	1.85126	1.25301	1.85126	1.28698	1.85126	1.31293	
1.86332	0.93186	1.86332	0.95012	1.86332	0.97459	1.86332	1.00806	1.86332	1.05314	1.86332	1.15318	1.86332	1.19772	1.86332	1.23418	1.86332	1.26244	1.86332	1.28409	
1.88081	0.94057	1.88081	0.96509	1.88081	0.99610	1.88081	1.03403	1.88081	1.07726	1.88081	1.16784	1.88081	1.21977	1.88081	1.26030	1.88081	1.29051	1.88081	1.31306	
1.89209	0.97137	1.89209	0.99232	1.89209	1.01998	1.89209	1.05543	1.89209	1.09742	1.89209	1.16300	1.89209	1.19871	1.89209	1.22864	1.89209	1.25353	1.89209	1.27422	
1.90309	1.00377	1.90309	1.02086	1.90309	1.04250	1.90309	1.06946	1.90309	1.10144	1.90309	1.18063	1.90309	1.21266	1.90309	1.23747	1.90309	1.25667	1.90309	1.27184	
1.91908	1.00781	1.91908	1.02651	1.91908	1.05075	1.91908	1.08187	1.91908	1.12024	1.91908	1.16970	1.91908	1.19883	1.91908	1.22231	1.91908	1.24060	1.91908	1.25475	
1.92942	0.94190	1.92942	0.96567	1.92942	0.99770	1.92942	1.04027	1.92942	1.09327	1.92942	1.20740	1.92942	1.24641	1.92942	1.27848	1.92942	1.30385	1.92942	1.32377	
1.94448	0.94935	1.94448	0.96683	1.94448	0.99101	1.94448	1.02498	1.94448	1.07132	1.94448	1.20470	1.94448	1.24824	1.94448	1.28142	1.94448	1.30635	1.94448	1.32525	
1.95424	0.96228	1.95424	0.98151	1.95424	1.00765	1.95424	1.04241	1.95424	1.08539	1.95424	1.18470	1.95424	1.23182	1.95424	1.26648	1.95424	1.29107	1.95424	1.30872	
1.96848	0.97474	1.96848	0.98750	1.96848	1.00393	1.96848	1.02509	1.96848	1.05172	1.96848	1.17469	1.96848	1.20944	1.96848	1.23607	1.96848	1.25641	1.96848	1.27230	
1.98227	1.02017	1.98227	1.03897	1.98227	1.06117	1.98227	1.08708	1.98227	1.11687	1.98227	1.11708	1.98227	1.14933	1.98227	1.17713	1.98227	1.19963	1.98227	1.21736	
1.99564	1.02631	1.99564	1.04800	1.99564	1.07455	1.99564	1.10673	1.99564	1.14479	1.99564	1.18650	1.99564	1.22297	1.99564	1.25690	1.99564	1.28624	1.99564	1.31039	
2.00860	1.00532	2.00860	1.02498	2.00860	1.05058	2.00860	1.08438	2.00860	1.12824	2.00860	1.23123	2.00860	1.27142	2.00860	1.30499	2.00860	1.33147	2.00860	1.35193	
2.02119	0.98994	2.02119	1.00733	2.02119	1.03101	2.02119	1.06442	2.02119	1.11150	2.02119	1.23418	2.02119	1.28023	2.02119	1.31534	2.02119	1.34088	2.02119	1.35948	
2.03342	0.98844	2.03342	1.00823	2.03342	1.03581	2.03342	1.07512	2.03342	1.12951	2.03342	1.23541	2.03342	1.28836	2.03342	1.32635	2.03342	1.35226	2.03342	1.37008	
2.04532	0.99118	2.04532	1.01011	2.04532	1.03542	2.04532	1.07052	2.04532	1.11929	2.04532	1.25996	2.04532	1.31033	2.04532	1.34548	2.04532	1.36944	2.04532	1.38613	
2.05690	0.99372	2.05690	1.01238	2.05690	1.03715	2.05690	1.07083	2.05690	1.11604	2.05690	1.24613	2.05690	1.29987	2.05690	1.33822	2.05690	1.36426	2.05690	1.38209	
2.07188	1.08588	2.07188	1.09705	2.07188	1.11201	2.07188	1.13245	2.07188	1.16000	2.07188	1.22863	2.07188	1.27691	2.07188	1.31269	2.07188	1.33795	2.07188	1.35587	
2.08279	1.05039	2.08279	1.07445	2.08279	1.10497	2.08279	1.14206	2.08279	1.18367	2.08279	1.23385	2.08279	1.27134	2.08279	1.30299	2.08279	1.32776	2.08279	1.34666	
2.09691	1.08509	2.09691	1.10648	2.09691	1.13360	2.09691	1.16636	2.09691	1.20266	2.09691	1.26290	2.09691	1.29400	2.09691	1.31882	2.09691	1.33843	2.09691	1.35398	
2.11059	1.27396	2.11059	1.27997	2.11059	1.28667	2.11059	1.29409	2.11059	1.30218	2.11059	1.27071	2.11059	1.29750	2.11059	1.31930	2.11059	1.33702	2.11059	1.35153	
2.12385	1.23398	2.12385	1.24682	2.12385	1.26134	2.12385	1.27709	2.12385	1.29332	2.12385	1.31991	2.12385	1.32912	2.12385	1.33821	2.12385	1.34694	2.12385	1.35511	
2.13672	1.27452	2.13672	1.28206	2.13672	1.29015	2.13672	1.29859	2.13672	1.30716	2.13672	1.32348	2.13672	1.33608	2.13672	1.34674	2.13672	1.35558	2.13672	1.36287	
2.14922	1.26954	2.14922	1.27695	2.14922	1.28487	2.14922	1.29311	2.14922	1.30144	2.14922	1.32359	2.14922	1.33101	2.14922	1.33770	2.14922	1.34365	2.14922	1.34885	
2.16137	1.27024	2.16137	1.27757	2.16137	1.28560	2.16137	1.29426	2.16137	1.30337	2.16137	1.31739	2.16137	1.32459	2.16137	1.33110	2.16137	1.33689	2.16137	1.34198	
2.17319	1.25582	2.17319	1.26364	2.17319	1.27230	2.17319	1.28177	2.17319	1.29192	2.17319	1.32196	2.17319	1.33093	2.17319	1.33936	2.17319	1.34714	2.17319	1.35419	
2.18752	1.31699	2.18752	1.32158	2.18752	1.32680	2.18752	1.33267	2.18752	1.33917	2.18752	1.31328	2.18752	1.32389	2.18752	1.33404	2.18752	1.34351	2.18752	1.35215	
2.19866	1.31336	2.19866	1.31824	2.19866	1.32385	2.19866	1.33023	2.19866	1.33737	2.19866	1.35370	2.19866	1.36136	2.19866	1.36898	2.19866	1.37634	2.19866	1.38325	
2.21219	1.31044	2.21219	1.31450	2.21219	1.31896	2.21219	1.32381	2.21219	1.32901	2.21219	1.35351	2.21219	1.36207	2.21219	1.37056	2.21219	1.37872	2.21219	1.38632	
2.22531	1.30284	2.22531	1.30548	2.22531	1.30823	2.22531	1.31108	2.22531	1.31400	2.22531	1.34019	2.22531	1.34596	2.22531	1.35167	2.22531	1.35722	2.22531	1.36250	
2.23805	1.28669	2.23805	1.28792	2.23805	1.28918	2.23805	1.29044	2.23805	1.29172	2.23805	1.31993	2.23805	1.32288	2.23805	1.32579	2.23805	1.32863	2.23805	1.33137	
2.25042	1.25507	2.25042	1.25701	2.25042	1.25908	2.25042	1.26130	2.25042	1.26364	2.25042	1.29427	2.25042	1.29554	2.25042	1.29679	2.25042	1.29803	2.25042	1.29924	
2.26482	1.22199	2.26482	1.22680	2.26482	1.23191	2.26482	1.23725	2.26482	1.24272	2.26482	1.26865	2.26482	1.27127	2.26482	1.27394	2.26482	1.27662	2.26482	1.27928	
2.27646	1.19967	2.27646	1.20457	2.27646	1.20993	2.27646	1.21573	2.27646	1.22190	2.27646	1.25368	2.27646	1.25896	2.27646	1.26399	2.27646	1.26871	2.27646	1.27310	
2.29003	1.30923	2.29003	1.31710	2.29003	1.32555	2.29003	1.33436	2.29003	1.34320	2.29003	1.23493	2.29003	1.24151	2.29003	1.24791	2.29003	1.25403	2.29003	1.25975	
2.30320	1.30982	2.30320	1.32055	2.30320	1.33282	2.30320	1.34639	2.30320	1.36075	2.30320	1.35976	2.30320	1.36700	2.30320	1.37342	2.30320	1.37902	2.30320	1.38384	
2.31597	1.43107	2.31597	1.43374	2.31597	1.43656	2.31597	1.43948	2.31597	1.44249	2.31597	1.38887	2.31597	1.40135	2.31597	1.41229	2.31597	1.42169	2.31597	1.42968	
2.32838	1.42526	2.32838	1.42790	2.32838	1.43067	2.32838	1.43356	2.32838	1.43653	2.32838	1.44860	2.32838	1.45161	2.32838	1.45454	2.32838	1.45735	2.32838	1.46002	
2.34044	1.41947	2.34044	1.42134	2.34044	1.42327	2.34044	1.42526	2.34044	1.42728	2.34044	1.44255	2.34044	1.44552	2.34044	1.44841	2.34044	1.45119	2.34044	1.45383	
2.35411	1.41279	2.35411	1.41389	2.35411	1.41500	2.35411	1.41614	2.35411	1.41728	2.35411	1.43136	2.35411	1.43339	2.35411	1.43537	2.35411	1.43731	2.35411	1.43917	
2.36736	1.40870	2.36736	1.40920	2.36736	1.40971	2.36736	1.41022	2.36736	1.41073	2.36736	1.41959	2.36736	1.42073	2.36736	1.42186	2.36736	1.42298	2.36736	1.42407	
2.38021	1.40594	2.38021	1.40613	2.38021	1.40632	2.38021	1.40652	2.38021	1.40671	2.38021	1.41176	2.38021	1.41227	2.38021	1.41279	2.38021	1.41329	2.38021	1.41380	
2.39270	1.41222	2.39270	1.41283	2.39270	1.41345	2.39270	1.41407	2.39270	1.41469	2.39270	1.40710	2.39270	1.40729	2.39270	1.40749	2.39270	1.40768	2.39270	1.40788	
2.40483	1.42460	2.40483	1.42654	2.40483	1.42855	2.40483	1.43062	2.40483	1.43273	2.40483	1.41594	2.40483	1.41657	2.40483	1.41719	2.40483	1.41781	2.40483	1.41842	
2.41830	1.42860	2.41830	1.43207	2.41830	1.43577	2.41830	1.43968	2.41830	1.44374	2.41830	1.43699	2.41830	1.43910	2.41830	1.44117	2.41830	1.44319	2.41830	1.44513	
2.43136	1.43362	2.43136	1.43657	2.43136	1.43969	2.43136	1.44295	2.43136	1.44632	2.43136	1.45201	2.43136	1.45606	2.43136	1.45997	2.43136	1.46368	2.43136	1.46714	
2.44404	1.43449	2.44404	1.43646	2.44404	1.43850	2.44404	1.44061	2.44404	1.44275	2.44404	1.45315	2.44404	1.45652	2.44404	1.45978	2.44404	1.46291	2.44404	1.46585	
2.45637	1.43772	2.45637	1.43834	2.45637	1.43897	2.45637	1.43961	2.45637	1.44025	2.45637	1.44709	2.45637	1.44923	2.45637	1.45134	2.45637	1.45338	2.45637	1.45535	
2.46982	1.44356	2.46982	1.44358	2.46982	1.44361	2.46982	1.44363	2.46982	1.44366	2.46982	1.44153	2.46982	1.44217	2.46982	1.44281	2.46982	1.44344	2.46982	1.44406	
2.48144	1.44652	2.48144	1.44705	2.48144	1.44758	2.48144	1.44812	2.48144	1.44867	2.48144	1.44371	2.48144	1.44373	2.48144	1.44375	2.48144	1.44378	2.48144	1.44380	
2.49554	1.49183	2.49554	1.49183	2.49554	1.49183	2.49554	1.49183	2.49554	1.49183	2.49554	1.44976	2.49554	1.45030	2.49554	1.45084	2.49554	1.45138	2.49554	1.45191	
2.50786	1.50504	2.50786	1.50504	2.50786	1.50504	2.50786	1.50504	2.50786	1.50504	2.50786	1.49183	2.50786	1.49183	2.50786	1.49183	2.50786	1.49183	2.50786	1.49183	
2.52114	1.51563	2.52114	1.51563	2.52114	1.51563	2.52114	1.51563	2.52114	1.51563	2.52114	1.50504	2.52114	1.50504	2.52114	1.50504	2.52114	1.50504	2.52114	1.50504	
2.53403	1.53006	2.53403	1.53006	2.53403	1.53006	2.53403	1.53006	2.53403	1.53006	2.53403	1.51563	2.53403	1.51563	2.53403	1.51563	2.53403	1.51563	2.53403	1.51563	
2.54654	1.54356	2.54654	1.54356	2.54654	1.54356	2.54654	1.54356	2.54654	1.54356	2.54654	1.53006	2.54654	1.53006	2.54654	1.53006	2.54654	1.53006	2.54654	1.53006	
2.55871	1.55625	2.55871	1.55625	2.55871	1.55625	2.55871	1.55625	2.55871	1.55625	2.55871	1.54356	2.55871	1.54356	2.55871	1.54356	2.55871	1.54356	2.55871	1.54356	
2.57171	1.56533	2.57171	1.56533	2.57171	1.56533	2.57171	1.56533	2.57171	1.56533	2.57171	1.55625	2.57171	1.55625	2.57171	1.55625	2.57171	1.55625	2.57171	1.55625	
2.58433	1.56173	2.58433	1.56173	2.58433	1.56173	2.58433	1.56173	2.58433	1.56173	2.58433	1.56533	2.58433	1.56533	2.58433	1.56533	2.58433	1.56533	2.58433	1.56533	
2.59770	1.58050	2.59770	1.58050	2.59770	1.58050	2.59770	1.58050	2.59770	1.58050	2.59770	1.56173	2.59770	1.56173	2.59770	1.56173	2.59770	1.56173	2.59770	1.56173	
2.61066	1.58008	2.61066	1.58008	2.61066	1.58008	2.61066	1.58008	2.61066	1.58008	2.61066	1.58050	2.61066	1.58050	2.61066	1.58050	2.61066	1.58050	2.61066	1.58050	
2.62325	1.57825	2.62325	1.57825	2.62325	1.57825	2.62325	1.57825	2.62325	1.57825	2.62325	1.58008	2.62325	1.58008	2.62325	1.58008	2.62325	1.58008	2.62325	1.58008	
2.63649	1.57525	2.63649	1.57525	2.63649	1.57525	2.63649	1.57525	2.63649	1.57525	2.63649	1.57825	2.63649	1.57825	2.63649	1.57825	2.63649	1.57825	2.63649	1.57825	
2.64933	1.57990	2.64933	1.57990	2.64933	1.57990	2.64933	1.57990	2.64933	1.57990	2.64933	1.57525	2.64933	1.57525	2.64933	1.57525	2.64933	1.57525	2.64933	1.57525	
2.66181	1.58055	2.66181	1.58055	2.66181	1.58055	2.66181	1.58055	2.66181	1.58055	2.66181	1.57990	2.66181	1.57990	2.66181	1.57990	2.66181	1.57990	2.66181	1.57990	
2.67486	1.57773	2.67486	1.57773	2.67486	1.57773	2.67486	1.57773	2.67486	1.57773	2.67486	1.58055	2.67486	1.58055	2.67486	1.58055	2.67486	1.58055	2.67486	1.58055	
2.68753	1.57666	2.68753	1.57666	2.68753	1.57666	2.68753	1.57666	2.68753	1.57666	2.68753	1.57773	2.68753	1.57773	2.68753	1.57773	2.68753	1.57773	2.68753	1.57773	
2.70070	1.57067	2.70070	1.57067	2.70070	1.57067	2.70070	1.57067	2.70070	1.57067	2.70070	1.57666	2.70070	1.57666	2.70070	1.57666	2.70070	1.57666	2.70070	1.57666	
2.71349	1.56470	2.71349	1.56470	2.71349	1.56470	2.71349	1.56470	2.71349	1.56470	2.71349	1.57067	2.71349	1.57067	2.71349	1.57067	2.71349	1.57067	2.71349	1.57067	
2.72591	1.55921	2.72591	1.55921	2.72591	1.55921	2.72591	1.55921	2.72591	1.55921	2.72591	1.56470	2.72591	1.56470	2.72591	1.56470	2.72591	1.56470	2.72591	1.56470	
2.73878	1.55405	2.73878	1.55405	2.73878	1.55405	2.73878	1.55405	2.73878	1.55405	2.73878	1.55921	2.73878	1.55921	2.73878	1.55921	2.73878	1.55921	2.73878	1.55921	
2.75128	1.54792	2.75128	1.54792	2.75128	1.54792	2.75128	1.54792	2.75128	1.54792	2.75128	1.55405	2.75128	1.55405	2.75128	1.55405	2.75128	1.55405	2.75128	1.55405	
2.76418	1.54755	2.76418	1.54755	2.76418	1.54755	2.76418	1.54755	2.76418	1.54755	2.76418	1.54792	2.76418	1.54792	2.76418	1.54792	2.76418	1.54792	2.76418	1.54792	
2.77743	-5.00000	2.77743	-5.00000	2.77743	-5.00000	2.77743	-5.00000	2.77743	-5.00000	2.77743	1.54755	2.77743	1.54755	2.77743	1.54755	2.77743	1.54755	2.77743	1.54755	
