# MesswertTabelle
#
# M e s s w e r t t a b e l l e  der Reihen:
#
# Dow Jones Industrial Average_raw_0 (q=-5.0) [126,126] Werte
# Dow Jones Industrial Average_raw_0 (q=-4.0) [126,126] Werte
# Dow Jones Industrial Average_raw_0 (q=-3.0) [126,126] Werte
# Dow Jones Industrial Average_raw_0 (q=-2.0) [126,126] Werte
# Dow Jones Industrial Average_raw_0 (q=-1.0) [126,126] Werte
# Dow Jones Industrial Average_raw_0 (q=1.0) [128,128] Werte
# Dow Jones Industrial Average_raw_0 (q=2.0) [128,128] Werte
# Dow Jones Industrial Average_raw_0 (q=3.0) [128,128] Werte
# Dow Jones Industrial Average_raw_0 (q=4.0) [128,128] Werte
# Dow Jones Industrial Average_raw_0 (q=5.0) [128,128] Werte
#
#
#s	F(s)	s	F(s)	s	F(s)	s	F(s)	s	F(s)	s	F(s)	s	F(s)	s	F(s)	s	F(s)	s	F(s)	
0.60206	-11.93267	0.60206	-11.84617	0.60206	-11.70245	0.60206	-11.41573	0.60206	-10.55700	0.60206	-0.51196	0.60206	-0.13685	0.60206	0.09431	0.60206	0.23417	0.60206	0.32636	
0.69897	-0.61895	0.69897	-0.58870	0.69897	-0.55031	0.69897	-0.49988	0.69897	-0.42917	0.69897	-0.27627	0.69897	0.11545	0.69897	0.36435	0.69897	0.50540	0.69897	0.59336	
0.77815	-12.59010	0.77815	-12.49673	0.77815	-12.34372	0.77815	-12.04792	0.77815	-11.20827	0.77815	-0.17613	0.77815	0.13281	0.77815	0.34997	0.77815	0.48407	0.77815	0.57231	
0.84510	-12.18544	0.84510	-12.09350	0.84510	-11.94026	0.84510	-11.63379	0.84510	-10.71436	0.84510	-0.01355	0.84510	0.38858	0.84510	0.63134	0.84510	0.76865	0.84510	0.85548	
0.90309	-0.51049	0.90309	-0.47347	0.90309	-0.42404	0.90309	-0.35731	0.90309	-0.26538	0.90309	0.05253	0.90309	0.35624	0.90309	0.55311	0.90309	0.67506	0.90309	0.75613	
0.95424	-0.44180	0.95424	-0.40893	0.95424	-0.36485	0.95424	-0.30281	0.95424	-0.20896	0.95424	0.12163	0.95424	0.48100	0.95424	0.70986	0.95424	0.84264	0.95424	0.92687	
1.00000	-0.41486	1.00000	-0.36376	1.00000	-0.29925	1.00000	-0.21871	1.00000	-0.11544	1.00000	0.14597	1.00000	0.44498	1.00000	0.63013	1.00000	0.73776	1.00000	0.80634	
1.04139	-0.32041	1.04139	-0.28857	1.04139	-0.24761	1.04139	-0.19237	1.04139	-0.10886	1.04139	0.23409	1.04139	0.57685	1.04139	0.81055	1.04139	0.94850	1.04139	1.03483	
1.07918	-0.33693	1.07918	-0.28614	1.07918	-0.22584	1.07918	-0.15446	1.07918	-0.06131	1.07918	0.29121	1.07918	0.55780	1.07918	0.73649	1.07918	0.84834	1.07918	0.92249	
1.11394	-0.28493	1.11394	-0.25166	1.11394	-0.20846	1.11394	-0.14918	1.11394	-0.05895	1.11394	0.32459	1.11394	0.58166	1.11394	0.73737	1.11394	0.83305	1.11394	0.89735	
1.14613	-0.25940	1.14613	-0.21661	1.14613	-0.16397	1.14613	-0.09681	1.14613	-0.00278	1.14613	0.35612	1.14613	0.62112	1.14613	0.78669	1.14613	0.88646	1.14613	0.95180	
1.17609	-0.18398	1.17609	-0.14622	1.17609	-0.09706	1.17609	-0.03006	1.17609	0.06988	1.17609	0.46468	1.17609	0.80408	1.17609	0.99824	1.17609	1.11246	1.17609	1.18642	
1.20412	-0.16353	1.20412	-0.12509	1.20412	-0.07634	1.20412	-0.01218	1.20412	0.07981	1.20412	0.46187	1.20412	0.80862	1.20412	1.02469	1.20412	1.14931	1.20412	1.22721	
1.23045	-0.08118	1.23045	-0.05224	1.23045	-0.01298	1.23045	0.04380	1.23045	0.13422	1.23045	0.52305	1.23045	0.80431	1.23045	0.98970	1.23045	1.10427	1.23045	1.17858	
1.25527	-0.04545	1.25527	-0.01943	1.25527	0.01505	1.25527	0.06478	1.25527	0.14761	1.25527	0.49124	1.25527	0.75520	1.25527	0.92960	1.25527	1.03774	1.25527	1.10851	
1.27875	-0.03807	1.27875	-0.01304	1.27875	0.02042	1.27875	0.06916	1.27875	0.15098	1.27875	0.49796	1.27875	0.68158	1.27875	0.80446	1.27875	0.88476	1.27875	0.93946	
1.30103	-0.09105	1.30103	-0.04128	1.30103	0.01915	1.30103	0.09140	1.30103	0.18548	1.30103	0.64099	1.30103	0.94996	1.30103	1.13717	1.30103	1.24904	1.30103	1.32067	
1.32222	-0.02749	1.32222	0.00485	1.32222	0.04749	1.32222	0.10746	1.32222	0.20139	1.32222	0.61146	1.32222	0.87999	1.32222	1.04156	1.32222	1.14021	1.32222	1.20545	
1.34242	-0.00220	1.34242	0.03345	1.34242	0.08042	1.34242	0.14567	1.34242	0.24602	1.34242	0.58155	1.34242	0.83831	1.34242	1.01053	1.34242	1.11644	1.34242	1.18487	
1.36173	0.07097	1.36173	0.10116	1.36173	0.14008	1.36173	0.19439	1.36173	0.28222	1.36173	0.64812	1.36173	0.90008	1.36173	1.05716	1.36173	1.15443	1.36173	1.21886	
1.38021	0.07440	1.38021	0.10428	1.38021	0.14283	1.38021	0.19665	1.38021	0.28277	1.38021	0.71750	1.38021	1.00006	1.38021	1.17541	1.38021	1.27996	1.38021	1.34693	
1.39794	0.12472	1.39794	0.16739	1.39794	0.21933	1.39794	0.28272	1.39794	0.36690	1.39794	0.72531	1.39794	0.95332	1.39794	1.08938	1.39794	1.17400	1.39794	1.23129	
1.41497	0.08444	1.41497	0.11941	1.41497	0.16471	1.41497	0.22689	1.41497	0.32305	1.41497	0.74888	1.41497	1.03992	1.41497	1.21750	1.41497	1.32258	1.41497	1.38935	
1.43136	0.24283	1.43136	0.26534	1.43136	0.29578	1.43136	0.34091	1.43136	0.41787	1.43136	0.70917	1.43136	0.91258	1.43136	1.04543	1.43136	1.12804	1.43136	1.18308	
1.44716	0.16821	1.44716	0.19923	1.44716	0.23695	1.44716	0.28504	1.44716	0.35299	1.44716	0.74970	1.44716	0.98768	1.44716	1.14444	1.44716	1.24232	1.44716	1.30602	
1.46240	0.18648	1.46240	0.21792	1.46240	0.25704	1.46240	0.30895	1.46240	0.38892	1.46240	0.82781	1.46240	1.08774	1.46240	1.25636	1.46240	1.35780	1.46240	1.42217	
1.47712	0.18537	1.47712	0.22665	1.47712	0.27791	1.47712	0.34360	1.47712	0.43908	1.47712	0.70249	1.47712	0.98432	1.47712	1.16550	1.47712	1.26918	1.47712	1.33339	
1.49136	0.24989	1.49136	0.26985	1.49136	0.29702	1.49136	0.33700	1.49136	0.40438	1.49136	0.75545	1.49136	0.93713	1.49136	1.04527	1.49136	1.11170	1.49136	1.15675	
1.50515	0.20347	1.50515	0.23161	1.50515	0.27106	1.50515	0.32981	1.50515	0.42471	1.50515	0.84552	1.50515	1.05114	1.50515	1.17851	1.50515	1.25804	1.50515	1.31147	
1.51851	0.19455	1.51851	0.22296	1.51851	0.25965	1.51851	0.30981	1.51851	0.38773	1.51851	0.84266	1.51851	1.15366	1.51851	1.33422	1.51851	1.43582	1.51851	1.49877	
1.53148	0.26921	1.53148	0.29869	1.53148	0.33656	1.53148	0.38749	1.53148	0.46415	1.53148	0.85512	1.53148	1.10714	1.53148	1.26652	1.53148	1.36181	1.53148	1.42244	
1.54407	0.19937	1.54407	0.23371	1.54407	0.27897	1.54407	0.34223	1.54407	0.44243	1.54407	0.79570	1.54407	1.04669	1.54407	1.19883	1.54407	1.28860	1.54407	1.34603	
1.55630	0.20020	1.55630	0.23555	1.55630	0.28317	1.55630	0.35128	1.55630	0.45909	1.55630	0.85470	1.55630	1.09593	1.55630	1.24533	1.55630	1.33518	1.55630	1.39318	
1.56820	0.30151	1.56820	0.32277	1.56820	0.35327	1.56820	0.40087	1.56820	0.48439	1.56820	0.88238	1.56820	1.08772	1.56820	1.21361	1.56820	1.29349	1.56820	1.34750	
1.57978	0.33031	1.57978	0.35502	1.57978	0.38769	1.57978	0.43420	1.57978	0.51001	1.57978	0.95639	1.57978	1.22824	1.57978	1.38805	1.57978	1.48056	1.57978	1.53880	
1.59106	0.29017	1.59106	0.31341	1.59106	0.34645	1.59106	0.39828	1.59106	0.49228	1.59106	0.93188	1.59106	1.19949	1.59106	1.36120	1.59106	1.45512	1.59106	1.51399	
1.61278	0.34166	1.61278	0.35890	1.61278	0.38402	1.61278	0.42466	1.61278	0.50005	1.61278	0.86523	1.61278	1.05458	1.61278	1.17531	1.61278	1.25168	1.61278	1.30300	
1.62325	0.39326	1.62325	0.41883	1.62325	0.45488	1.62325	0.50845	1.62325	0.59261	1.62325	0.97350	1.62325	1.19300	1.62325	1.31888	1.62325	1.39529	1.62325	1.44580	
1.63347	0.20000	1.63347	0.24130	1.63347	0.29621	1.63347	0.36916	1.63347	0.47032	1.63347	0.91497	1.63347	1.14894	1.63347	1.29333	1.63347	1.37994	1.63347	1.43525	
1.64345	0.36353	1.64345	0.38661	1.64345	0.41908	1.64345	0.46838	1.64345	0.55385	1.64345	0.95361	1.64345	1.18014	1.64345	1.32923	1.64345	1.41817	1.64345	1.47423	
1.66276	0.39304	1.66276	0.41344	1.66276	0.44318	1.66276	0.48967	1.66276	0.56761	1.66276	0.96604	1.66276	1.25745	1.66276	1.41603	1.66276	1.50426	1.66276	1.55893	
1.67210	0.43782	1.67210	0.46298	1.67210	0.49869	1.67210	0.55250	1.67210	0.63939	1.67210	1.00072	1.67210	1.22243	1.67210	1.35009	1.67210	1.42643	1.67210	1.47626	
1.69020	0.41325	1.69020	0.43900	1.69020	0.47784	1.69020	0.54098	1.69020	0.65077	1.69020	0.88826	1.69020	1.06481	1.69020	1.18590	1.69020	1.26288	1.69020	1.31341	
1.69897	0.41372	1.69897	0.43878	1.69897	0.47466	1.69897	0.52973	1.69897	0.62342	1.69897	0.96804	1.69897	1.12437	1.69897	1.22645	1.69897	1.29236	1.69897	1.33732	
1.71600	0.44636	1.71600	0.46790	1.71600	0.49499	1.71600	0.53191	1.71600	0.59183	1.71600	1.07077	1.71600	1.26540	1.71600	1.39162	1.71600	1.47042	1.71600	1.52169	
1.72428	0.44445	1.72428	0.46595	1.72428	0.49753	1.72428	0.54832	1.72428	0.63969	1.72428	1.06097	1.72428	1.27090	1.72428	1.39254	1.72428	1.46486	1.72428	1.51175	
1.74036	0.53514	1.74036	0.56057	1.74036	0.59533	1.74036	0.64514	1.74036	0.72316	1.74036	1.01743	1.74036	1.30253	1.74036	1.45682	1.74036	1.54113	1.74036	1.59279	
1.74819	0.43977	1.74819	0.46447	1.74819	0.50049	1.74819	0.55623	1.74819	0.64769	1.74819	1.09375	1.74819	1.33110	1.74819	1.47146	1.74819	1.55297	1.74819	1.60406	
1.76343	0.46901	1.76343	0.49265	1.76343	0.52796	1.76343	0.58511	1.76343	0.68516	1.76343	1.08022	1.76343	1.28262	1.76343	1.40812	1.76343	1.48288	1.76343	1.53061	
1.77815	0.44348	1.77815	0.47335	1.77815	0.51754	1.77815	0.58643	1.77815	0.69942	1.77815	0.98862	1.77815	1.14349	1.77815	1.24039	1.77815	1.30045	1.77815	1.34023	
1.78533	0.49439	1.78533	0.52175	1.78533	0.56071	1.78533	0.61930	1.78533	0.71435	1.78533	1.04704	1.78533	1.18675	1.78533	1.27051	1.78533	1.32200	1.78533	1.35579	
1.79934	0.42406	1.79934	0.45662	1.79934	0.50478	1.79934	0.58038	1.79934	0.70395	1.79934	1.10174	1.79934	1.26624	1.79934	1.36626	1.79934	1.42860	1.79934	1.47019	
1.81291	0.41101	1.81291	0.43697	1.81291	0.47549	1.81291	0.53966	1.81291	0.66161	1.81291	1.13135	1.81291	1.34822	1.81291	1.47706	1.81291	1.55178	1.81291	1.59857	
1.82607	0.47133	1.82607	0.49848	1.82607	0.53800	1.82607	0.59975	1.82607	0.70649	1.82607	1.14397	1.82607	1.33853	1.82607	1.45724	1.82607	1.52864	1.82607	1.57438	
1.83885	0.44342	1.83885	0.47030	1.83885	0.51055	1.83885	0.57489	1.83885	0.68797	1.83885	1.16195	1.83885	1.35051	1.83885	1.46346	1.83885	1.53302	1.83885	1.57828	
1.85126	0.51832	1.85126	0.54495	1.85126	0.58395	1.85126	0.64534	1.85126	0.74889	1.85126	1.20154	1.85126	1.41771	1.85126	1.53620	1.85126	1.60449	1.85126	1.64775	
1.86332	0.50570	1.86332	0.53175	1.86332	0.57133	1.86332	0.63724	1.86332	0.75505	1.86332	1.24136	1.86332	1.47001	1.86332	1.58869	1.86332	1.65614	1.86332	1.69891	
1.88081	0.50928	1.88081	0.53605	1.88081	0.57448	1.88081	0.63502	1.88081	0.73857	1.88081	1.17185	1.88081	1.37260	1.88081	1.49173	1.88081	1.56144	1.88081	1.60538	
1.89209	0.62189	1.89209	0.64113	1.89209	0.66968	1.89209	0.71624	1.89209	0.79788	1.89209	1.13592	1.89209	1.26808	1.89209	1.35187	1.89209	1.40731	1.89209	1.44566	
1.90309	0.53967	1.90309	0.56732	1.90309	0.60535	1.90309	0.66350	1.90309	0.76968	1.90309	1.07519	1.90309	1.19544	1.90309	1.26992	1.90309	1.31828	1.90309	1.35166	
1.91908	0.60882	1.91908	0.63299	1.91908	0.66916	1.91908	0.73170	1.91908	0.85869	1.91908	1.06701	1.91908	1.16192	1.91908	1.21745	1.91908	1.25164	1.91908	1.27475	
1.92942	0.57455	1.92942	0.59752	1.92942	0.63074	1.92942	0.68639	1.92942	0.80038	1.92942	1.23019	1.92942	1.39104	1.92942	1.48092	1.92942	1.53658	1.92942	1.57397	
1.94448	0.56622	1.94448	0.58978	1.94448	0.62320	1.94448	0.67663	1.94448	0.77776	1.94448	1.34286	1.94448	1.48280	1.94448	1.56302	1.94448	1.61472	1.94448	1.65039	
1.95424	0.75214	1.95424	0.78046	1.95424	0.81879	1.95424	0.87284	1.95424	0.95593	1.95424	1.32107	1.95424	1.47919	1.95424	1.56232	1.95424	1.61247	1.95424	1.64587	
1.96848	0.74859	1.96848	0.77881	1.96848	0.81983	1.96848	0.87574	1.96848	0.95551	1.96848	1.24803	1.96848	1.42223	1.96848	1.51667	1.96848	1.57238	1.96848	1.60843	
1.98227	0.73275	1.98227	0.75942	1.98227	0.79806	1.98227	0.85803	1.98227	0.95960	1.98227	1.29339	1.98227	1.45794	1.98227	1.55725	1.98227	1.61613	1.98227	1.65358	
1.99564	0.59688	1.99564	0.61932	1.99564	0.65353	1.99564	0.71232	1.99564	0.83200	1.99564	1.31956	1.99564	1.52330	1.99564	1.63791	1.99564	1.70125	1.99564	1.73998	
2.00860	0.56910	2.00860	0.59322	2.00860	0.62990	2.00860	0.69304	2.00860	0.82130	2.00860	1.39743	2.00860	1.59075	2.00860	1.69829	2.00860	1.75953	2.00860	1.79772	
2.02119	0.64794	2.02119	0.66770	2.02119	0.69922	2.02119	0.75563	2.02119	0.87210	2.02119	1.44610	2.02119	1.64632	2.02119	1.74495	2.02119	1.79990	2.02119	1.83412	
2.03342	0.70583	2.03342	0.72866	2.03342	0.76272	2.03342	0.81931	2.03342	0.92653	2.03342	1.42904	2.03342	1.61951	2.03342	1.71537	2.03342	1.76955	2.03342	1.80354	
2.04532	0.71597	2.04532	0.74763	2.04532	0.79481	2.04532	0.86861	2.04532	0.98806	2.04532	1.38873	2.04532	1.54985	2.04532	1.63405	2.04532	1.68357	2.04532	1.71571	
2.05690	0.71005	2.05690	0.74087	2.05690	0.78654	2.05690	0.85801	2.05690	0.97464	2.05690	1.34002	2.05690	1.46810	2.05690	1.53496	2.05690	1.57417	2.05690	1.60006	
2.07188	0.71471	2.07188	0.74942	2.07188	0.80573	2.07188	0.90476	2.07188	1.06859	2.07188	1.33421	2.07188	1.44381	2.07188	1.50619	2.07188	1.54417	2.07188	1.56955	
2.08279	0.72392	2.08279	0.75396	2.08279	0.80347	2.08279	0.89590	2.08279	1.07929	2.08279	1.32627	2.08279	1.44568	2.08279	1.51663	2.08279	1.56093	2.08279	1.59065	
2.09691	0.74873	2.09691	0.77775	2.09691	0.82333	2.09691	0.90066	2.09691	1.03743	2.09691	1.33084	2.09691	1.37286	2.09691	1.39556	2.09691	1.41055	2.09691	1.42182	
2.11059	0.68087	2.11059	0.69625	2.11059	0.72149	2.11059	0.76965	2.11059	0.88081	2.11059	1.48161	2.11059	1.55226	2.11059	1.59338	2.11059	1.62206	2.11059	1.64345	
2.12385	0.66918	2.12385	0.68501	2.12385	0.71070	2.12385	0.75932	2.12385	0.87090	2.12385	1.43666	2.12385	1.55702	2.12385	1.62674	2.12385	1.66944	2.12385	1.69739	
2.13672	0.76678	2.13672	0.78866	2.13672	0.82123	2.13672	0.87601	2.13672	0.98280	2.13672	1.41857	2.13672	1.56489	2.13672	1.63729	2.13672	1.67956	2.13672	1.70709	
2.14922	0.82015	2.14922	0.84416	2.14922	0.87974	2.14922	0.93812	2.14922	1.04609	2.14922	1.40800	2.14922	1.55409	2.14922	1.62641	2.14922	1.66865	2.14922	1.69616	
2.16137	0.84678	2.16137	0.87645	2.16137	0.92412	2.16137	1.00765	2.16137	1.15753	2.16137	1.40898	2.16137	1.54355	2.16137	1.61565	2.16137	1.65839	2.16137	1.68618	
2.17319	0.81853	2.17319	0.84234	2.17319	0.88161	2.17319	0.95594	2.17319	1.11751	2.17319	1.44384	2.17319	1.57242	2.17319	1.64323	2.17319	1.68563	2.17319	1.71330	
2.18752	0.81262	2.18752	0.83642	2.18752	0.87571	2.18752	0.95028	2.18752	1.11516	2.18752	1.54417	2.18752	1.65249	2.18752	1.71812	2.18752	1.75971	2.18752	1.78737	
2.19866	0.83181	2.19866	0.85559	2.19866	0.89478	2.19866	0.96872	2.19866	1.13082	2.19866	1.64966	2.19866	1.76339	2.19866	1.82206	2.19866	1.85684	2.19866	1.87935	
2.21219	0.85468	2.21219	0.87844	2.21219	0.91744	2.21219	0.99034	2.21219	1.14722	2.21219	1.69848	2.21219	1.82497	2.21219	1.88847	2.21219	1.92499	2.21219	1.94810	
2.22531	0.88160	2.22531	0.90532	2.22531	0.94413	2.22531	1.01604	2.22531	1.16788	2.22531	1.72508	2.22531	1.85943	2.22531	1.92577	2.22531	1.96317	2.22531	1.98655	
2.23805	0.89091	2.23805	0.91464	2.23805	0.95351	2.23805	1.02564	2.23805	1.17777	2.23805	1.73113	2.23805	1.86951	2.23805	1.93734	2.23805	1.97517	2.23805	1.99866	
2.25042	0.98150	2.25042	1.00513	2.25042	1.04349	2.25042	1.11304	2.25042	1.25184	2.25042	1.72934	2.25042	1.86740	2.25042	1.93538	2.25042	1.97327	2.25042	1.99677	
2.26482	1.14915	2.26482	1.17166	2.26482	1.20631	2.26482	1.26347	2.26482	1.36273	2.26482	1.72304	2.26482	1.85581	2.26482	1.92222	2.26482	1.95968	2.26482	1.98308	
2.27646	1.17927	2.27646	1.18834	2.27646	1.20307	2.27646	1.23047	2.27646	1.28954	2.27646	1.71513	2.27646	1.83719	2.27646	1.90092	2.27646	1.93763	2.27646	1.96081	
2.29003	1.27635	2.29003	1.29354	2.29003	1.31787	2.29003	1.35497	2.29003	1.41608	2.29003	1.68472	2.29003	1.79455	2.29003	1.85677	2.29003	1.89330	2.29003	1.91645	
2.30320	1.30687	2.30320	1.32176	2.30320	1.34580	2.30320	1.38830	2.30320	1.46688	2.30320	1.60236	2.30320	1.73554	2.30320	1.80627	2.30320	1.84513	2.30320	1.86889	
2.31597	1.38143	2.31597	1.39617	2.31597	1.41951	2.31597	1.45907	2.31597	1.52684	2.31597	1.63304	2.31597	1.72833	2.31597	1.78811	2.31597	1.82436	2.31597	1.84751	
2.32838	1.44029	2.32838	1.45482	2.32838	1.47739	2.32838	1.51420	2.32838	1.57356	2.32838	1.71562	2.32838	1.79421	2.32838	1.83671	2.32838	1.86075	2.32838	1.87564	
2.34044	1.45962	2.34044	1.47403	2.34044	1.49622	2.34044	1.53179	2.34044	1.58777	2.34044	1.72496	2.34044	1.79273	2.34044	1.83229	2.34044	1.85564	2.34044	1.87037	
2.35411	1.46830	2.35411	1.48244	2.35411	1.50378	2.35411	1.53684	2.35411	1.58649	2.35411	1.73748	2.35411	1.79684	2.35411	1.83365	2.35411	1.85622	2.35411	1.87074	
2.36736	1.47498	2.36736	1.48705	2.36736	1.50345	2.36736	1.52539	2.36736	1.55325	2.36736	1.73901	2.36736	1.79499	2.36736	1.83056	2.36736	1.85275	2.36736	1.86716	
2.38021	1.66523	2.38021	1.66608	2.38021	1.66694	2.38021	1.66781	2.38021	1.66869	2.38021	1.71543	2.38021	1.76508	2.38021	1.79814	2.38021	1.81948	2.38021	1.83362	
2.39270	1.63897	2.39270	1.65007	2.39270	1.66460	2.39270	1.68323	2.39270	1.70591	2.39270	1.61717	2.39270	1.64503	2.39270	1.66697	2.39270	1.68337	2.39270	1.69544	
2.40483	1.54997	2.40483	1.56398	2.40483	1.58493	2.40483	1.61695	2.40483	1.66415	2.40483	1.67045	2.40483	1.67133	2.40483	1.67220	2.40483	1.67306	2.40483	1.67390	
2.41830	1.52982	2.41830	1.54436	2.41830	1.56698	2.41830	1.60394	2.41830	1.66372	2.41830	1.75655	2.41830	1.77922	2.41830	1.79785	2.41830	1.81239	2.41830	1.82349	
2.43136	1.54498	2.43136	1.55960	2.43136	1.58250	2.43136	1.62045	2.43136	1.68312	2.43136	1.78494	2.43136	1.83214	2.43136	1.86415	2.43136	1.88510	2.43136	1.89911	
2.44404	1.60203	2.44404	1.61646	2.44404	1.63870	2.44404	1.67446	2.44404	1.73092	2.44404	1.82926	2.44404	1.88905	2.44404	1.92600	2.44404	1.94862	2.44404	1.96316	
2.45637	1.65510	2.45637	1.66919	2.45637	1.69039	2.45637	1.72307	2.45637	1.77181	2.45637	1.86005	2.45637	1.92273	2.45637	1.96067	2.45637	1.98357	2.45637	1.99819	
2.46982	1.82284	2.46982	1.83405	2.46982	1.84880	2.46982	1.86779	2.46982	1.89101	2.46982	1.88393	2.46982	1.94039	2.46982	1.97614	2.46982	1.99839	2.46982	2.01282	
2.48144	2.06370	2.48144	2.06370	2.48144	2.06370	2.48144	2.06370	2.48144	2.06370	2.48144	1.89769	2.48144	1.94643	2.48144	1.97911	2.48144	2.00030	2.48144	2.01439	
2.49554	2.06418	2.49554	2.06418	2.49554	2.06418	2.49554	2.06418	2.49554	2.06418	2.49554	1.94300	2.49554	1.96621	2.49554	1.98520	2.49554	1.99995	2.49554	2.01116	
2.50786	2.06852	2.50786	2.06852	2.50786	2.06852	2.50786	2.06852	2.50786	2.06852	2.50786	2.06370	2.50786	2.06370	2.50786	2.06370	2.50786	2.06370	2.50786	2.06370	
2.52114	2.07958	2.52114	2.07958	2.52114	2.07958	2.52114	2.07958	2.52114	2.07958	2.52114	2.06418	2.52114	2.06418	2.52114	2.06418	2.52114	2.06418	2.52114	2.06418	
2.53403	2.09757	2.53403	2.09757	2.53403	2.09757	2.53403	2.09757	2.53403	2.09757	2.53403	2.06852	2.53403	2.06852	2.53403	2.06852	2.53403	2.06852	2.53403	2.06852	
2.54654	2.12530	2.54654	2.12530	2.54654	2.12530	2.54654	2.12530	2.54654	2.12530	2.54654	2.07958	2.54654	2.07958	2.54654	2.07958	2.54654	2.07958	2.54654	2.07958	
2.55871	2.15704	2.55871	2.15704	2.55871	2.15704	2.55871	2.15704	2.55871	2.15704	2.55871	2.09757	2.55871	2.09757	2.55871	2.09757	2.55871	2.09757	2.55871	2.09757	
2.57171	2.19348	2.57171	2.19348	2.57171	2.19348	2.57171	2.19348	2.57171	2.19348	2.57171	2.12530	2.57171	2.12530	2.57171	2.12530	2.57171	2.12530	2.57171	2.12530	
2.58433	2.21052	2.58433	2.21052	2.58433	2.21052	2.58433	2.21052	2.58433	2.21052	2.58433	2.15704	2.58433	2.15704	2.58433	2.15704	2.58433	2.15704	2.58433	2.15704	
2.59770	2.22597	2.59770	2.22597	2.59770	2.22597	2.59770	2.22597	2.59770	2.22597	2.59770	2.19348	2.59770	2.19348	2.59770	2.19348	2.59770	2.19348	2.59770	2.19348	
2.61066	2.24737	2.61066	2.24737	2.61066	2.24737	2.61066	2.24737	2.61066	2.24737	2.61066	2.21052	2.61066	2.21052	2.61066	2.21052	2.61066	2.21052	2.61066	2.21052	
2.62325	2.27221	2.62325	2.27221	2.62325	2.27221	2.62325	2.27221	2.62325	2.27221	2.62325	2.22597	2.62325	2.22597	2.62325	2.22597	2.62325	2.22597	2.62325	2.22597	
2.63649	2.29829	2.63649	2.29829	2.63649	2.29829	2.63649	2.29829	2.63649	2.29829	2.63649	2.24737	2.63649	2.24737	2.63649	2.24737	2.63649	2.24737	2.63649	2.24737	
2.64933	2.32526	2.64933	2.32526	2.64933	2.32526	2.64933	2.32526	2.64933	2.32526	2.64933	2.27221	2.64933	2.27221	2.64933	2.27221	2.64933	2.27221	2.64933	2.27221	
2.66181	2.34976	2.66181	2.34976	2.66181	2.34976	2.66181	2.34976	2.66181	2.34976	2.66181	2.29829	2.66181	2.29829	2.66181	2.29829	2.66181	2.29829	2.66181	2.29829	
2.67486	2.37206	2.67486	2.37206	2.67486	2.37206	2.67486	2.37206	2.67486	2.37206	2.67486	2.32526	2.67486	2.32526	2.67486	2.32526	2.67486	2.32526	2.67486	2.32526	
2.68753	2.39078	2.68753	2.39078	2.68753	2.39078	2.68753	2.39078	2.68753	2.39078	2.68753	2.34976	2.68753	2.34976	2.68753	2.34976	2.68753	2.34976	2.68753	2.34976	
2.70070	2.40669	2.70070	2.40669	2.70070	2.40669	2.70070	2.40669	2.70070	2.40669	2.70070	2.37206	2.70070	2.37206	2.70070	2.37206	2.70070	2.37206	2.70070	2.37206	
2.71349	2.42069	2.71349	2.42069	2.71349	2.42069	2.71349	2.42069	2.71349	2.42069	2.71349	2.39078	2.71349	2.39078	2.71349	2.39078	2.71349	2.39078	2.71349	2.39078	
2.72591	2.43222	2.72591	2.43222	2.72591	2.43222	2.72591	2.43222	2.72591	2.43222	2.72591	2.40669	2.72591	2.40669	2.72591	2.40669	2.72591	2.40669	2.72591	2.40669	
2.73878	2.43984	2.73878	2.43984	2.73878	2.43984	2.73878	2.43984	2.73878	2.43984	2.73878	2.42069	2.73878	2.42069	2.73878	2.42069	2.73878	2.42069	2.73878	2.42069	
2.75128	2.44454	2.75128	2.44454	2.75128	2.44454	2.75128	2.44454	2.75128	2.44454	2.75128	2.43222	2.75128	2.43222	2.75128	2.43222	2.75128	2.43222	2.75128	2.43222	
2.76418	-5.00000	2.76418	-5.00000	2.76418	-5.00000	2.76418	-5.00000	2.76418	-5.00000	2.76418	2.43984	2.76418	2.43984	2.76418	2.43984	2.76418	2.43984	2.76418	2.43984	
2.77743	-5.00000	2.77743	-5.00000	2.77743	-5.00000	2.77743	-5.00000	2.77743	-5.00000	2.77743	2.44454	2.77743	2.44454	2.77743	2.44454	2.77743	2.44454	2.77743	2.44454	
