# MesswertTabelle
#
# M e s s w e r t t a b e l l e  der Reihen:
#
# FTSE 100 Index_raw_0 (q=-5.0) [127,127] Werte
# FTSE 100 Index_raw_0 (q=-4.0) [127,127] Werte
# FTSE 100 Index_raw_0 (q=-3.0) [127,127] Werte
# FTSE 100 Index_raw_0 (q=-2.0) [127,127] Werte
# FTSE 100 Index_raw_0 (q=-1.0) [127,127] Werte
# FTSE 100 Index_raw_0 (q=1.0) [128,128] Werte
# FTSE 100 Index_raw_0 (q=2.0) [128,128] Werte
# FTSE 100 Index_raw_0 (q=3.0) [128,128] Werte
# FTSE 100 Index_raw_0 (q=4.0) [128,128] Werte
# FTSE 100 Index_raw_0 (q=5.0) [128,128] Werte
#
#
#s	F(s)	s	F(s)	s	F(s)	s	F(s)	s	F(s)	s	F(s)	s	F(s)	s	F(s)	s	F(s)	s	F(s)	
0.60206	-15.21450	0.60206	-15.10528	0.60206	-14.92607	0.60206	-14.59159	0.60206	-13.92711	0.60206	-1.16972	0.60206	-0.87340	0.60206	-0.70996	0.60206	-0.59666	0.60206	-0.51576	
0.69897	-15.16300	0.69897	-15.06404	0.69897	-14.90242	0.69897	-14.59382	0.69897	-13.84413	0.69897	-0.91116	0.69897	-0.69237	0.69897	-0.54125	0.69897	-0.42796	0.69897	-0.34615	
0.77815	-14.84626	0.77815	-14.75031	0.77815	-14.59370	0.77815	-14.29859	0.77815	-13.62104	0.77815	-0.76595	0.77815	-0.54622	0.77815	-0.37739	0.77815	-0.25239	0.77815	-0.16468	
0.84510	-14.39662	0.84510	-14.30776	0.84510	-14.16875	0.84510	-13.92598	0.84510	-13.39419	0.84510	-0.66068	0.84510	-0.42162	0.84510	-0.21717	0.84510	-0.07492	0.84510	0.01860	
0.90309	-14.62471	0.90309	-14.54837	0.90309	-14.42625	0.90309	-14.20093	0.90309	-13.65646	0.90309	-0.59310	0.90309	-0.42444	0.90309	-0.31225	0.90309	-0.23427	0.90309	-0.17947	
0.95424	-14.00543	0.95424	-13.91589	0.95424	-13.76746	0.95424	-13.48187	0.95424	-12.80652	0.95424	-0.53984	0.95424	-0.31870	0.95424	-0.14041	0.95424	-0.01760	0.95424	0.06416	
1.00000	-13.61041	1.00000	-13.53048	1.00000	-13.40536	1.00000	-13.18181	1.00000	-12.63126	1.00000	-0.50332	1.00000	-0.37497	1.00000	-0.27482	1.00000	-0.19944	1.00000	-0.14492	
1.04139	-14.19972	1.04139	-14.11864	1.04139	-13.98868	1.04139	-13.74845	1.04139	-13.16350	1.04139	-0.43927	1.04139	-0.23611	1.04139	-0.04614	1.04139	0.08408	1.04139	0.16878	
1.07918	-14.18595	1.07918	-14.10227	1.07918	-13.96419	1.07918	-13.69660	1.07918	-12.98393	1.07918	-0.40557	1.07918	-0.23469	1.07918	-0.09225	1.07918	0.01134	1.07918	0.08328	
1.11394	-13.57235	1.11394	-13.49046	1.11394	-13.35553	1.11394	-13.09782	1.11394	-12.43466	1.11394	-0.34998	1.11394	-0.20777	1.11394	-0.10631	1.11394	-0.03674	1.11394	0.01143	
1.14613	-13.11720	1.14613	-13.04335	1.14613	-12.92832	1.14613	-12.72268	1.14613	-12.19676	1.14613	-0.30401	1.14613	-0.18026	1.14613	-0.07133	1.14613	0.01526	1.14613	0.08000	
1.17609	-14.36484	1.17609	-14.28581	1.17609	-14.15573	1.17609	-13.90416	1.17609	-13.21731	1.17609	-0.26053	1.17609	-0.03979	1.17609	0.14917	1.17609	0.27179	1.17609	0.35032	
1.20412	-13.34267	1.20412	-13.26464	1.20412	-13.13612	1.20412	-12.88905	1.20412	-12.22905	1.20412	-0.22810	1.20412	-0.00634	1.20412	0.18570	1.20412	0.30922	1.20412	0.38748	
1.23045	-13.70562	1.23045	-13.63016	1.23045	-13.50719	1.23045	-13.27464	1.23045	-12.66356	1.23045	-0.19690	1.23045	-0.00372	1.23045	0.16854	1.23045	0.28447	1.23045	0.35985	
1.25527	-13.21091	1.25527	-13.13537	1.25527	-13.01104	1.25527	-12.77253	1.25527	-12.13897	1.25527	-0.21091	1.25527	-0.04734	1.25527	0.08553	1.25527	0.18206	1.25527	0.24958	
1.27875	-12.63894	1.27875	-12.57710	1.27875	-12.47548	1.27875	-12.27457	1.27875	-11.67683	1.27875	-0.16716	1.27875	-0.05436	1.27875	0.04147	1.27875	0.11926	1.27875	0.17862	
1.30103	-0.48922	1.30103	-0.45132	1.30103	-0.40412	1.30103	-0.34763	1.30103	-0.28305	1.30103	-0.10382	1.30103	0.10681	1.30103	0.28523	1.30103	0.39968	1.30103	0.47258	
1.32222	-12.52067	1.32222	-12.44832	1.32222	-12.32772	1.32222	-12.08653	1.32222	-11.36295	1.32222	-0.10952	1.32222	0.02693	1.32222	0.16533	1.32222	0.26794	1.32222	0.33737	
1.34242	-12.32880	1.34242	-12.25724	1.34242	-12.13796	1.34242	-11.89939	1.34242	-11.18371	1.34242	-0.10738	1.34242	0.02462	1.34242	0.14673	1.34242	0.23922	1.34242	0.30419	
1.36173	-0.45092	1.36173	-0.40694	1.36173	-0.35450	1.36173	-0.29438	1.36173	-0.22612	1.36173	-0.07516	1.36173	0.05270	1.36173	0.18328	1.36173	0.28290	1.36173	0.35091	
1.38021	-13.31879	1.38021	-13.25069	1.38021	-13.14027	1.38021	-12.93019	1.38021	-12.34445	1.38021	-0.01782	1.38021	0.15516	1.38021	0.31151	1.38021	0.41696	1.38021	0.48555	
1.39794	-12.66773	1.39794	-12.59872	1.39794	-12.48370	1.39794	-12.25366	1.39794	-11.56356	1.39794	-0.02364	1.39794	0.10851	1.39794	0.21968	1.39794	0.30407	1.39794	0.36471	
1.41497	-0.43777	1.41497	-0.38500	1.41497	-0.31743	1.41497	-0.23998	1.41497	-0.16409	1.41497	-0.04289	1.41497	0.20058	1.41497	0.38849	1.41497	0.49970	1.41497	0.56833	
1.43136	-0.30638	1.43136	-0.27944	1.43136	-0.24659	1.43136	-0.20641	1.43136	-0.15659	1.43136	-0.01415	1.43136	0.08351	1.43136	0.18540	1.43136	0.26851	1.43136	0.32884	
1.44716	-0.45743	1.44716	-0.39870	1.44716	-0.31901	1.44716	-0.22403	1.44716	-0.13248	1.44716	0.00649	1.44716	0.14195	1.44716	0.27321	1.44716	0.36808	1.44716	0.43185	
1.46240	-0.19460	1.46240	-0.17500	1.46240	-0.15198	1.46240	-0.12457	1.46240	-0.09006	1.46240	0.08509	1.46240	0.27404	1.46240	0.43562	1.46240	0.53834	1.46240	0.60339	
1.47712	-12.88570	1.47712	-12.82065	1.47712	-12.71223	1.47712	-12.49539	1.47712	-11.84487	1.47712	0.04657	1.47712	0.17984	1.47712	0.31140	1.47712	0.40518	1.47712	0.46752	
1.49136	-0.19112	1.49136	-0.17018	1.49136	-0.14323	1.49136	-0.10813	1.49136	-0.06166	1.49136	0.00694	1.49136	0.09149	1.49136	0.16192	1.49136	0.21634	1.49136	0.25701	
1.50515	-0.14735	1.50515	-0.13345	1.50515	-0.11792	1.50515	-0.09906	1.50515	-0.07185	1.50515	0.08928	1.50515	0.19714	1.50515	0.29948	1.50515	0.37806	1.50515	0.43407	
1.51851	-12.93582	1.51851	-12.87306	1.51851	-12.76846	1.51851	-12.55924	1.51851	-11.93161	1.51851	0.11483	1.51851	0.33453	1.51851	0.50576	1.51851	0.60783	1.51851	0.67118	
1.53148	-0.15144	1.53148	-0.13085	1.53148	-0.10522	1.53148	-0.07278	1.53148	-0.03053	1.53148	0.09959	1.53148	0.26587	1.53148	0.40811	1.53148	0.50268	1.53148	0.56381	
1.54407	-0.29237	1.54407	-0.24623	1.54407	-0.19043	1.54407	-0.13019	1.54407	-0.07043	1.54407	0.11464	1.54407	0.22950	1.54407	0.34017	1.54407	0.42274	1.54407	0.47973	
1.55630	-0.16825	1.55630	-0.14797	1.55630	-0.12282	1.55630	-0.09104	1.55630	-0.04916	1.55630	0.10358	1.55630	0.25687	1.55630	0.39431	1.55630	0.48631	1.55630	0.54599	
1.56820	-0.46165	1.56820	-0.40429	1.56820	-0.31866	1.56820	-0.19854	1.56820	-0.06679	1.56820	0.10602	1.56820	0.23525	1.56820	0.35584	1.56820	0.44210	1.56820	0.50020	
1.57978	-0.14851	1.57978	-0.12498	1.57978	-0.09622	1.57978	-0.06049	1.57978	-0.01328	1.57978	0.20531	1.57978	0.40066	1.57978	0.55290	1.57978	0.64696	1.57978	0.70623	
1.59106	-0.06160	1.59106	-0.04937	1.59106	-0.03386	1.59106	-0.01319	1.59106	0.01636	1.59106	0.19166	1.59106	0.37155	1.59106	0.51612	1.59106	0.60790	1.59106	0.66655	
1.61278	-0.15439	1.61278	-0.11407	1.61278	-0.06490	1.61278	-0.00927	1.61278	0.05070	1.61278	0.13673	1.61278	0.23791	1.61278	0.33693	1.61278	0.41241	1.61278	0.46546	
1.62325	-0.14661	1.62325	-0.12156	1.62325	-0.08923	1.62325	-0.04867	1.62325	0.00140	1.62325	0.22465	1.62325	0.35791	1.62325	0.47609	1.62325	0.55797	1.62325	0.61241	
1.63347	-0.06715	1.63347	-0.05009	1.63347	-0.02889	1.63347	-0.00196	1.63347	0.03476	1.63347	0.17182	1.63347	0.31200	1.63347	0.43609	1.63347	0.52043	1.63347	0.57567	
1.64345	0.03101	1.64345	0.04338	1.64345	0.05815	1.64345	0.07690	1.64345	0.10434	1.64345	0.20914	1.64345	0.37522	1.64345	0.51353	1.64345	0.60185	1.64345	0.65806	
1.66276	-0.07756	1.66276	-0.04999	1.66276	-0.01558	1.66276	0.02718	1.66276	0.08112	1.66276	0.27004	1.66276	0.44272	1.66276	0.58303	1.66276	0.67035	1.66276	0.72532	
1.67210	-0.06776	1.67210	-0.03661	1.67210	0.00156	1.67210	0.04679	1.67210	0.09869	1.67210	0.25824	1.67210	0.38451	1.67210	0.49386	1.67210	0.57071	1.67210	0.62262	
1.69020	0.05790	1.69020	0.07261	1.69020	0.09033	1.69020	0.11216	1.69020	0.14063	1.69020	0.23341	1.69020	0.32044	1.69020	0.40376	1.69020	0.46937	1.69020	0.51681	
1.69897	-0.09472	1.69897	-0.06693	1.69897	-0.03028	1.69897	0.01789	1.69897	0.08094	1.69897	0.24330	1.69897	0.32684	1.69897	0.41153	1.69897	0.47867	1.69897	0.52685	
1.71600	0.03278	1.71600	0.05578	1.71600	0.08203	1.71600	0.11280	1.71600	0.15255	1.71600	0.28877	1.71600	0.43232	1.71600	0.54952	1.71600	0.62798	1.71600	0.67959	
1.72428	0.04966	1.72428	0.06007	1.72428	0.07279	1.72428	0.08968	1.72428	0.11666	1.72428	0.31369	1.72428	0.44299	1.72428	0.55295	1.72428	0.62770	1.72428	0.67718	
1.74036	-0.07080	1.74036	-0.04331	1.74036	-0.00929	1.74036	0.03179	1.74036	0.08286	1.74036	0.31473	1.74036	0.51269	1.74036	0.65517	1.74036	0.73882	1.74036	0.79053	
1.74819	0.09248	1.74819	0.11077	1.74819	0.13450	1.74819	0.16567	1.74819	0.20771	1.74819	0.31496	1.74819	0.51470	1.74819	0.65634	1.74819	0.73972	1.74819	0.79139	
1.76343	0.11999	1.76343	0.13884	1.76343	0.16084	1.76343	0.18674	1.76343	0.21878	1.76343	0.35375	1.76343	0.45841	1.76343	0.55171	1.76343	0.61930	1.76343	0.66567	
1.77815	0.14455	1.77815	0.15827	1.77815	0.17538	1.77815	0.19749	1.77815	0.22772	1.77815	0.32675	1.77815	0.41002	1.77815	0.49167	1.77815	0.55517	1.77815	0.60034	
1.78533	0.13786	1.78533	0.14916	1.78533	0.16329	1.78533	0.18222	1.78533	0.21035	1.78533	0.33672	1.78533	0.41813	1.78533	0.49625	1.78533	0.55713	1.78533	0.60095	
1.79934	0.16283	1.79934	0.17097	1.79934	0.18192	1.79934	0.19792	1.79934	0.22461	1.79934	0.33503	1.79934	0.43647	1.79934	0.52777	1.79934	0.59320	1.79934	0.63770	
1.81291	0.06589	1.81291	0.08349	1.81291	0.10521	1.81291	0.13269	1.81291	0.17083	1.81291	0.37672	1.81291	0.51077	1.81291	0.62062	1.81291	0.69230	1.81291	0.73862	
1.82607	0.07361	1.82607	0.09940	1.82607	0.12991	1.82607	0.16580	1.82607	0.21082	1.82607	0.34936	1.82607	0.49637	1.82607	0.61159	1.82607	0.68474	1.82607	0.73145	
1.83885	0.24073	1.83885	0.25310	1.83885	0.26814	1.83885	0.28786	1.83885	0.31803	1.83885	0.39606	1.83885	0.54341	1.83885	0.65861	1.83885	0.73177	1.83885	0.77848	
1.85126	0.24883	1.85126	0.25959	1.85126	0.27406	1.85126	0.29482	1.85126	0.32810	1.85126	0.48142	1.85126	0.61957	1.85126	0.72817	1.85126	0.79733	1.85126	0.84153	
1.86332	0.24455	1.86332	0.25114	1.86332	0.25995	1.86332	0.27291	1.86332	0.29467	1.86332	0.49725	1.86332	0.63100	1.86332	0.73599	1.86332	0.80380	1.86332	0.84760	
1.88081	0.12505	1.88081	0.13744	1.88081	0.15301	1.88081	0.17437	1.88081	0.20734	1.88081	0.41147	1.88081	0.51448	1.88081	0.60667	1.88081	0.67123	1.88081	0.71432	
1.89209	0.24258	1.89209	0.25494	1.89209	0.27079	1.89209	0.29233	1.89209	0.32378	1.89209	0.35543	1.89209	0.46531	1.89209	0.55615	1.89209	0.61853	1.89209	0.66043	
1.90309	0.29732	1.90309	0.31023	1.90309	0.32508	1.90309	0.34193	1.90309	0.36059	1.90309	0.44165	1.90309	0.52229	1.90309	0.59324	1.90309	0.64586	1.90309	0.68300	
1.91908	0.27568	1.91908	0.28615	1.91908	0.29933	1.91908	0.31712	1.91908	0.34353	1.91908	0.40125	1.91908	0.42167	1.91908	0.44108	1.91908	0.45891	1.91908	0.47486	
1.92942	0.26571	1.92942	0.27556	1.92942	0.28853	1.92942	0.30704	1.92942	0.33637	1.92942	0.45316	1.92942	0.53659	1.92942	0.61232	1.92942	0.66818	1.92942	0.70696	
1.94448	0.25014	1.94448	0.25998	1.94448	0.27398	1.94448	0.29552	1.94448	0.33161	1.94448	0.46958	1.94448	0.56989	1.94448	0.65467	1.94448	0.71360	1.94448	0.75324	
1.95424	0.22979	1.95424	0.23872	1.95424	0.25166	1.95424	0.27209	1.95424	0.30773	1.95424	0.49021	1.95424	0.59373	1.95424	0.67379	1.95424	0.72758	1.95424	0.76358	
1.96848	0.25585	1.96848	0.26665	1.96848	0.28069	1.96848	0.30080	1.96848	0.33436	1.96848	0.48087	1.96848	0.59803	1.96848	0.68557	1.96848	0.74226	1.96848	0.77931	
1.98227	0.25133	1.98227	0.26776	1.98227	0.29038	1.98227	0.32296	1.98227	0.37315	1.98227	0.51250	1.98227	0.64250	1.98227	0.73786	1.98227	0.79753	1.98227	0.83558	
1.99564	0.29878	1.99564	0.32096	1.99564	0.34773	1.99564	0.38057	1.99564	0.42429	1.99564	0.57419	1.99564	0.69643	1.99564	0.78530	1.99564	0.84245	1.99564	0.87971	
2.00860	0.28218	2.00860	0.30419	2.00860	0.33221	2.00860	0.36888	2.00860	0.42048	2.00860	0.59094	2.00860	0.70286	2.00860	0.78977	2.00860	0.84699	2.00860	0.88443	
2.02119	0.27876	2.02119	0.30191	2.02119	0.33148	2.02119	0.36968	2.02119	0.42109	2.02119	0.60998	2.02119	0.72081	2.02119	0.80105	2.02119	0.85261	2.02119	0.88619	
2.03342	0.28578	2.03342	0.31231	2.03342	0.34693	2.03342	0.39086	2.03342	0.44457	2.03342	0.59057	2.03342	0.68807	2.03342	0.76218	2.03342	0.81179	2.03342	0.84481	
2.04532	0.29500	2.04532	0.31883	2.04532	0.34985	2.04532	0.39008	2.04532	0.44114	2.04532	0.57849	2.04532	0.64737	2.04532	0.70454	2.04532	0.74705	2.04532	0.77749	
2.05690	0.32991	2.05690	0.35605	2.05690	0.39042	2.05690	0.43445	2.05690	0.48780	2.05690	0.56788	2.05690	0.62835	2.05690	0.67732	2.05690	0.71422	2.05690	0.74145	
2.07188	0.33848	2.07188	0.36405	2.07188	0.39694	2.07188	0.43773	2.07188	0.48524	2.07188	0.60664	2.07188	0.66027	2.07188	0.70441	2.07188	0.73869	2.07188	0.76467	
2.08279	0.34910	2.08279	0.36373	2.08279	0.38164	2.08279	0.40316	2.08279	0.42793	2.08279	0.58820	2.08279	0.63622	2.08279	0.67753	2.08279	0.71081	2.08279	0.73662	
2.09691	0.32771	2.09691	0.34313	2.09691	0.36591	2.09691	0.40104	2.09691	0.45477	2.09691	0.48059	2.09691	0.50408	2.09691	0.52385	2.09691	0.53987	2.09691	0.55263	
2.11059	0.39387	2.11059	0.40533	2.11059	0.42130	2.11059	0.44444	2.11059	0.47874	2.11059	0.60284	2.11059	0.66284	2.11059	0.70415	2.11059	0.73212	2.11059	0.75184	
2.12385	0.46823	2.12385	0.47821	2.12385	0.49124	2.12385	0.50895	2.12385	0.53369	2.12385	0.58859	2.12385	0.64916	2.12385	0.69845	2.12385	0.73448	2.12385	0.76015	
2.13672	0.49833	2.13672	0.51280	2.13672	0.53045	2.13672	0.55214	2.13672	0.57878	2.13672	0.60989	2.13672	0.65490	2.13672	0.69525	2.13672	0.72732	2.13672	0.75146	
2.14922	0.49225	2.14922	0.50516	2.14922	0.52136	2.14922	0.54254	2.14922	0.57122	2.14922	0.64649	2.14922	0.68266	2.14922	0.71534	2.14922	0.74242	2.14922	0.76380	
2.16137	0.48442	2.16137	0.49562	2.16137	0.51034	2.16137	0.53115	2.16137	0.56266	2.16137	0.65739	2.16137	0.70707	2.16137	0.75052	2.16137	0.78425	2.16137	0.80918	
2.17319	0.50277	2.17319	0.52087	2.17319	0.54401	2.17319	0.57432	2.17319	0.61518	2.17319	0.67529	2.17319	0.74288	2.17319	0.79808	2.17319	0.83752	2.17319	0.86486	
2.18752	0.48095	2.18752	0.50067	2.18752	0.52888	2.18752	0.57056	2.18752	0.63219	2.18752	0.73576	2.18752	0.80047	2.18752	0.85263	2.18752	0.89034	2.18752	0.91691	
2.19866	0.47442	2.19866	0.49427	2.19866	0.52283	2.19866	0.56573	2.19866	0.63133	2.19866	0.80271	2.19866	0.87333	2.19866	0.92170	2.19866	0.95365	2.19866	0.97524	
2.21219	0.48043	2.21219	0.50012	2.21219	0.52843	2.21219	0.57092	2.21219	0.63615	2.21219	0.82380	2.21219	0.90315	2.21219	0.95560	2.21219	0.98918	2.21219	1.01140	
2.22531	0.48394	2.22531	0.50327	2.22531	0.53086	2.22531	0.57191	2.22531	0.63416	2.22531	0.82993	2.22531	0.91031	2.22531	0.96331	2.22531	0.99711	2.22531	1.01942	
2.23805	0.48027	2.23805	0.49989	2.23805	0.52793	2.23805	0.56937	2.23805	0.63087	2.23805	0.81704	2.23805	0.89411	2.23805	0.94580	2.23805	0.97916	2.23805	1.00132	
2.25042	0.47844	2.25042	0.49814	2.25042	0.52620	2.25042	0.56721	2.25042	0.62651	2.25042	0.80285	2.25042	0.87443	2.25042	0.92334	2.25042	0.95553	2.25042	0.97723	
2.26482	0.48215	2.26482	0.50158	2.26482	0.52904	2.26482	0.56862	2.26482	0.62466	2.26482	0.78410	2.26482	0.84919	2.26482	0.89470	2.26482	0.92537	2.26482	0.94642	
2.27646	0.48867	2.27646	0.50696	2.27646	0.53226	2.27646	0.56781	2.27646	0.61680	2.27646	0.76951	2.27646	0.82978	2.27646	0.87282	2.27646	0.90236	2.27646	0.92291	
2.29003	0.49442	2.29003	0.50898	2.29003	0.52886	2.29003	0.55713	2.29003	0.59808	2.29003	0.74226	2.29003	0.79666	2.29003	0.83697	2.29003	0.86539	2.29003	0.88547	
2.30320	0.51521	2.30320	0.52974	2.30320	0.54968	2.30320	0.57842	2.30320	0.62093	2.30320	0.71851	2.30320	0.77696	2.30320	0.82105	2.30320	0.85178	2.30320	0.87305	
2.31597	0.51934	2.31597	0.53399	2.31597	0.55703	2.31597	0.59543	2.31597	0.65951	2.31597	0.74991	2.31597	0.81244	2.31597	0.85874	2.31597	0.89041	2.31597	0.91207	
2.32838	0.57811	2.32838	0.59262	2.32838	0.61516	2.32838	0.65184	2.32838	0.71085	2.32838	0.84211	2.32838	0.90619	2.32838	0.94459	2.32838	0.96763	2.32838	0.98228	
2.34044	0.62280	2.34044	0.63713	2.34044	0.65905	2.34044	0.69381	2.34044	0.74766	2.34044	0.87341	2.34044	0.93242	2.34044	0.96910	2.34044	0.99164	2.34044	1.00615	
2.35411	0.62702	2.35411	0.64117	2.35411	0.66256	2.35411	0.69578	2.35411	0.74579	2.35411	0.89117	2.35411	0.94501	2.35411	0.97977	2.35411	1.00169	2.35411	1.01602	
2.36736	0.62141	2.36736	0.63502	2.36736	0.65490	2.36736	0.68420	2.36736	0.72552	2.36736	0.87597	2.36736	0.92598	2.36736	0.95919	2.36736	0.98058	2.36736	0.99474	
2.38021	0.61408	2.38021	0.62293	2.38021	0.63374	2.38021	0.64657	2.38021	0.66117	2.38021	0.82767	2.38021	0.86898	2.38021	0.89828	2.38021	0.91816	2.38021	0.93177	
2.39270	0.71871	2.39270	0.72160	2.39270	0.72467	2.39270	0.72787	2.39270	0.73118	2.39270	0.69248	2.39270	0.70709	2.39270	0.71992	2.39270	0.73072	2.39270	0.73958	
2.40483	0.71873	2.40483	0.72883	2.40483	0.74163	2.40483	0.75745	2.40483	0.77606	2.40483	0.73788	2.40483	0.74118	2.40483	0.74438	2.40483	0.74745	2.40483	0.75035	
2.41830	0.70338	2.41830	0.71520	2.41830	0.73110	2.41830	0.75213	2.41830	0.77851	2.41830	0.81676	2.41830	0.83537	2.41830	0.85119	2.41830	0.86399	2.41830	0.87409	
2.43136	0.68867	2.43136	0.70117	2.43136	0.71848	2.43136	0.74219	2.43136	0.77299	2.43136	0.83857	2.43136	0.86494	2.43136	0.88597	2.43136	0.90188	2.43136	0.91370	
2.44404	0.68412	2.44404	0.69670	2.44404	0.71418	2.44404	0.73820	2.44404	0.76956	2.44404	0.84481	2.44404	0.87561	2.44404	0.89931	2.44404	0.91663	2.44404	0.92913	
2.45637	0.70850	2.45637	0.72042	2.45637	0.73652	2.45637	0.75791	2.45637	0.78486	2.45637	0.84290	2.45637	0.87426	2.45637	0.89829	2.45637	0.91576	2.45637	0.92834	
2.46982	0.76754	2.46982	0.77765	2.46982	0.79045	2.46982	0.80627	2.46982	0.82489	2.46982	0.84641	2.46982	0.87335	2.46982	0.89474	2.46982	0.91084	2.46982	0.92276	
2.48144	0.85939	2.48144	0.86566	2.48144	0.87281	2.48144	0.88077	2.48144	0.88937	2.48144	0.86562	2.48144	0.88423	2.48144	0.90005	2.48144	0.91286	2.48144	0.92296	
2.49554	1.01508	2.49554	1.01508	2.49554	1.01508	2.49554	1.01508	2.49554	1.01508	2.49554	0.90729	2.49554	0.91589	2.49554	0.92385	2.49554	0.93100	2.49554	0.93727	
2.50786	1.06402	2.50786	1.06402	2.50786	1.06402	2.50786	1.06402	2.50786	1.06402	2.50786	1.01508	2.50786	1.01508	2.50786	1.01508	2.50786	1.01508	2.50786	1.01508	
2.52114	1.10370	2.52114	1.10370	2.52114	1.10370	2.52114	1.10370	2.52114	1.10370	2.52114	1.06402	2.52114	1.06402	2.52114	1.06402	2.52114	1.06402	2.52114	1.06402	
2.53403	1.14727	2.53403	1.14727	2.53403	1.14727	2.53403	1.14727	2.53403	1.14727	2.53403	1.10370	2.53403	1.10370	2.53403	1.10370	2.53403	1.10370	2.53403	1.10370	
2.54654	1.19205	2.54654	1.19205	2.54654	1.19205	2.54654	1.19205	2.54654	1.19205	2.54654	1.14727	2.54654	1.14727	2.54654	1.14727	2.54654	1.14727	2.54654	1.14727	
2.55871	1.23722	2.55871	1.23722	2.55871	1.23722	2.55871	1.23722	2.55871	1.23722	2.55871	1.19205	2.55871	1.19205	2.55871	1.19205	2.55871	1.19205	2.55871	1.19205	
2.57171	1.27553	2.57171	1.27553	2.57171	1.27553	2.57171	1.27553	2.57171	1.27553	2.57171	1.23722	2.57171	1.23722	2.57171	1.23722	2.57171	1.23722	2.57171	1.23722	
2.58433	1.31286	2.58433	1.31286	2.58433	1.31286	2.58433	1.31286	2.58433	1.31286	2.58433	1.27553	2.58433	1.27553	2.58433	1.27553	2.58433	1.27553	2.58433	1.27553	
2.59770	1.33070	2.59770	1.33070	2.59770	1.33070	2.59770	1.33070	2.59770	1.33070	2.59770	1.31286	2.59770	1.31286	2.59770	1.31286	2.59770	1.31286	2.59770	1.31286	
2.61066	1.34228	2.61066	1.34228	2.61066	1.34228	2.61066	1.34228	2.61066	1.34228	2.61066	1.33070	2.61066	1.33070	2.61066	1.33070	2.61066	1.33070	2.61066	1.33070	
2.62325	1.35458	2.62325	1.35458	2.62325	1.35458	2.62325	1.35458	2.62325	1.35458	2.62325	1.34228	2.62325	1.34228	2.62325	1.34228	2.62325	1.34228	2.62325	1.34228	
2.63649	1.36599	2.63649	1.36599	2.63649	1.36599	2.63649	1.36599	2.63649	1.36599	2.63649	1.35458	2.63649	1.35458	2.63649	1.35458	2.63649	1.35458	2.63649	1.35458	
2.64933	1.38147	2.64933	1.38147	2.64933	1.38147	2.64933	1.38147	2.64933	1.38147	2.64933	1.36599	2.64933	1.36599	2.64933	1.36599	2.64933	1.36599	2.64933	1.36599	
2.66181	1.40019	2.66181	1.40019	2.66181	1.40019	2.66181	1.40019	2.66181	1.40019	2.66181	1.38147	2.66181	1.38147	2.66181	1.38147	2.66181	1.38147	2.66181	1.38147	
2.67486	1.41296	2.67486	1.41296	2.67486	1.41296	2.67486	1.41296	2.67486	1.41296	2.67486	1.40019	2.67486	1.40019	2.67486	1.40019	2.67486	1.40019	2.67486	1.40019	
2.68753	1.41987	2.68753	1.41987	2.68753	1.41987	2.68753	1.41987	2.68753	1.41987	2.68753	1.41296	2.68753	1.41296	2.68753	1.41296	2.68753	1.41296	2.68753	1.41296	
2.70070	1.42383	2.70070	1.42383	2.70070	1.42383	2.70070	1.42383	2.70070	1.42383	2.70070	1.41987	2.70070	1.41987	2.70070	1.41987	2.70070	1.41987	2.70070	1.41987	
2.71349	1.42594	2.71349	1.42594	2.71349	1.42594	2.71349	1.42594	2.71349	1.42594	2.71349	1.42383	2.71349	1.42383	2.71349	1.42383	2.71349	1.42383	2.71349	1.42383	
2.72591	1.42689	2.72591	1.42689	2.72591	1.42689	2.72591	1.42689	2.72591	1.42689	2.72591	1.42594	2.72591	1.42594	2.72591	1.42594	2.72591	1.42594	2.72591	1.42594	
2.73878	1.42959	2.73878	1.42959	2.73878	1.42959	2.73878	1.42959	2.73878	1.42959	2.73878	1.42689	2.73878	1.42689	2.73878	1.42689	2.73878	1.42689	2.73878	1.42689	
2.75128	1.42792	2.75128	1.42792	2.75128	1.42792	2.75128	1.42792	2.75128	1.42792	2.75128	1.42959	2.75128	1.42959	2.75128	1.42959	2.75128	1.42959	2.75128	1.42959	
2.76418	1.42288	2.76418	1.42288	2.76418	1.42288	2.76418	1.42288	2.76418	1.42288	2.76418	1.42792	2.76418	1.42792	2.76418	1.42792	2.76418	1.42792	2.76418	1.42792	
2.77743	-5.00000	2.77743	-5.00000	2.77743	-5.00000	2.77743	-5.00000	2.77743	-5.00000	2.77743	1.42288	2.77743	1.42288	2.77743	1.42288	2.77743	1.42288	2.77743	1.42288	
