# MesswertTabelle
#
# M e s s w e r t t a b e l l e  der Reihen:
#
# FTSE 100 Index_shuffled_1 (q=-5.0) [126,126] Werte
# FTSE 100 Index_shuffled_1 (q=-4.0) [126,126] Werte
# FTSE 100 Index_shuffled_1 (q=-3.0) [126,126] Werte
# FTSE 100 Index_shuffled_1 (q=-2.0) [126,126] Werte
# FTSE 100 Index_shuffled_1 (q=-1.0) [126,126] Werte
# FTSE 100 Index_shuffled_1 (q=1.0) [128,128] Werte
# FTSE 100 Index_shuffled_1 (q=2.0) [128,128] Werte
# FTSE 100 Index_shuffled_1 (q=3.0) [128,128] Werte
# FTSE 100 Index_shuffled_1 (q=4.0) [128,128] Werte
# FTSE 100 Index_shuffled_1 (q=5.0) [128,128] Werte
#
#
#s	F(s)	s	F(s)	s	F(s)	s	F(s)	s	F(s)	s	F(s)	s	F(s)	s	F(s)	s	F(s)	s	F(s)	
0.60206	-15.25025	0.60206	-15.14984	0.60206	-14.98438	0.60206	-14.66555	0.60206	-13.79629	0.60206	-0.68206	0.60206	-0.43478	0.60206	-0.21444	0.60206	-0.05969	0.60206	0.04341	
0.69897	-0.59743	0.69897	-0.57813	0.69897	-0.55432	0.69897	-0.52458	0.69897	-0.48639	0.69897	-0.47858	0.69897	-0.30370	0.69897	-0.14658	0.69897	-0.02966	0.69897	0.05306	
0.77815	-0.53849	0.77815	-0.50941	0.77815	-0.47681	0.77815	-0.44103	0.77815	-0.40154	0.77815	-0.44289	0.77815	-0.36396	0.77815	-0.28519	0.77815	-0.21481	0.77815	-0.15776	
0.84510	-0.49617	0.84510	-0.46828	0.84510	-0.43649	0.84510	-0.40042	0.84510	-0.35902	0.84510	-0.36140	0.84510	-0.26343	0.84510	-0.15935	0.84510	-0.07175	0.84510	-0.00543	
0.90309	-0.45552	0.90309	-0.42798	0.90309	-0.39757	0.90309	-0.36407	0.90309	-0.32621	0.90309	-0.29988	0.90309	-0.22923	0.90309	-0.14743	0.90309	-0.06749	0.90309	-0.00000	
0.95424	-0.36435	0.95424	-0.34966	0.95424	-0.33228	0.95424	-0.31083	0.95424	-0.28287	0.95424	-0.25385	0.95424	-0.19143	0.95424	-0.12932	0.95424	-0.07311	0.95424	-0.02511	
1.00000	-0.34031	1.00000	-0.32361	1.00000	-0.30472	1.00000	-0.28277	1.00000	-0.25613	1.00000	-0.22430	1.00000	-0.15340	1.00000	-0.07458	1.00000	-0.00059	1.00000	0.06072	
1.04139	-0.34071	1.04139	-0.32535	1.04139	-0.30775	1.04139	-0.28673	1.04139	-0.26001	1.04139	-0.18887	1.04139	-0.11576	1.04139	-0.03616	1.04139	0.03456	1.04139	0.09071	
1.07918	-0.34076	1.07918	-0.32371	1.07918	-0.30251	1.07918	-0.27550	1.07918	-0.23983	1.07918	-0.17333	1.07918	-0.10345	1.07918	-0.01525	1.07918	0.07086	1.07918	0.14033	
1.11394	-0.34137	1.11394	-0.31683	1.11394	-0.28808	1.11394	-0.25431	1.11394	-0.21384	1.11394	-0.17030	1.11394	-0.09814	1.11394	-0.01813	1.11394	0.05253	1.11394	0.10741	
1.14613	-0.28360	1.14613	-0.26765	1.14613	-0.24839	1.14613	-0.22438	1.14613	-0.19285	1.14613	-0.12312	1.14613	-0.04001	1.14613	0.04230	1.14613	0.11023	1.14613	0.16209	
1.17609	-0.27908	1.17609	-0.26158	1.17609	-0.24038	1.17609	-0.21425	1.17609	-0.18153	1.17609	-0.10263	1.17609	-0.03474	1.17609	0.02928	1.17609	0.08208	1.17609	0.12298	
1.20412	-0.24566	1.20412	-0.22925	1.20412	-0.20975	1.20412	-0.18623	1.20412	-0.15716	1.20412	-0.08644	1.20412	-0.00838	1.20412	0.06917	1.20412	0.13262	1.20412	0.18037	
1.23045	-0.23164	1.23045	-0.21529	1.23045	-0.19678	1.23045	-0.17532	1.23045	-0.14939	1.23045	-0.08943	1.23045	-0.03120	1.23045	0.02782	1.23045	0.08077	1.23045	0.12468	
1.25527	-0.23478	1.25527	-0.21483	1.25527	-0.19080	1.25527	-0.16118	1.25527	-0.12406	1.25527	-0.07325	1.25527	-0.01714	1.25527	0.04129	1.25527	0.09391	1.25527	0.13704	
1.27875	-0.23108	1.27875	-0.20971	1.27875	-0.18460	1.27875	-0.15449	1.27875	-0.11752	1.27875	-0.07202	1.27875	-0.01481	1.27875	0.04954	1.27875	0.10996	1.27875	0.15999	
1.30103	-0.21113	1.30103	-0.19318	1.30103	-0.17078	1.30103	-0.14225	1.30103	-0.10518	1.30103	-0.02340	1.30103	0.03436	1.30103	0.08827	1.30103	0.13384	1.30103	0.17036	
1.32222	-0.18337	1.32222	-0.16448	1.32222	-0.14140	1.32222	-0.11351	1.32222	-0.08053	1.32222	-0.01633	1.32222	0.04394	1.32222	0.10129	1.32222	0.14997	1.32222	0.18881	
1.34242	-0.19428	1.34242	-0.17745	1.34242	-0.15704	1.34242	-0.13199	1.34242	-0.10127	1.34242	0.00395	1.34242	0.07169	1.34242	0.13599	1.34242	0.18949	1.34242	0.23118	
1.36173	-0.12874	1.36173	-0.11160	1.36173	-0.09079	1.36173	-0.06595	1.36173	-0.03703	1.36173	-0.00147	1.36173	0.04106	1.36173	0.08183	1.36173	0.11830	1.36173	0.14927	
1.38021	-0.14139	1.38021	-0.11791	1.38021	-0.09008	1.38021	-0.05806	1.38021	-0.02267	1.38021	-0.02307	1.38021	0.02025	1.38021	0.06181	1.38021	0.09909	1.38021	0.13116	
1.39794	-0.11913	1.39794	-0.10241	1.39794	-0.08247	1.39794	-0.05871	1.39794	-0.03044	1.39794	0.03158	1.39794	0.06960	1.39794	0.10773	1.39794	0.14345	1.39794	0.17483	
1.41497	-0.14804	1.41497	-0.12470	1.41497	-0.09714	1.41497	-0.06551	1.41497	-0.03033	1.41497	0.05283	1.41497	0.09015	1.41497	0.12526	1.41497	0.15689	1.41497	0.18431	
1.43136	-0.10194	1.43136	-0.08817	1.43136	-0.07097	1.43136	-0.04930	1.43136	-0.02221	1.43136	0.04147	1.43136	0.08345	1.43136	0.12533	1.43136	0.16335	1.43136	0.19550	
1.44716	-0.07168	1.44716	-0.05624	1.44716	-0.03764	1.44716	-0.01527	1.44716	0.01155	1.44716	0.04940	1.44716	0.09349	1.44716	0.13803	1.44716	0.17958	1.44716	0.21556	
1.46240	-0.05680	1.46240	-0.03863	1.46240	-0.01865	1.46240	0.00278	1.46240	0.02550	1.46240	0.04751	1.46240	0.08570	1.46240	0.12164	1.46240	0.15318	1.46240	0.17973	
1.47712	-0.04535	1.47712	-0.02500	1.47712	-0.00268	1.47712	0.02121	1.47712	0.04630	1.47712	0.08049	1.47712	0.12140	1.47712	0.16286	1.47712	0.20102	1.47712	0.23355	
1.49136	-0.07652	1.49136	-0.05451	1.49136	-0.02975	1.49136	-0.00225	1.49136	0.02783	1.49136	0.07623	1.49136	0.10547	1.49136	0.13704	1.49136	0.16917	1.49136	0.19954	
1.50515	-0.00895	1.50515	0.00136	1.50515	0.01263	1.50515	0.02481	1.50515	0.03776	1.50515	0.09891	1.50515	0.12582	1.50515	0.15224	1.50515	0.17717	1.50515	0.19974	
1.51851	-0.05131	1.51851	-0.03508	1.51851	-0.01529	1.51851	0.00843	1.51851	0.03611	1.51851	0.09372	1.51851	0.12736	1.51851	0.15933	1.51851	0.18818	1.51851	0.21315	
1.53148	-0.05820	1.53148	-0.03510	1.53148	-0.00796	1.53148	0.02262	1.53148	0.05546	1.53148	0.06526	1.53148	0.07944	1.53148	0.09368	1.53148	0.10781	1.53148	0.12167	
1.54407	-0.02632	1.54407	-0.01032	1.54407	0.00783	1.54407	0.02783	1.54407	0.04907	1.54407	0.10042	1.54407	0.13412	1.54407	0.16639	1.54407	0.19571	1.54407	0.22129	
1.55630	-0.00549	1.55630	0.00904	1.55630	0.02525	1.55630	0.04306	1.55630	0.06224	1.55630	0.12372	1.55630	0.15788	1.55630	0.19076	1.55630	0.22083	1.55630	0.24698	
1.56820	-0.02714	1.56820	-0.00360	1.56820	0.02186	1.56820	0.04806	1.56820	0.07417	1.56820	0.09205	1.56820	0.11234	1.56820	0.13116	1.56820	0.14828	1.56820	0.16357	
1.57978	-0.01313	1.57978	0.00736	1.57978	0.03031	1.57978	0.05540	1.57978	0.08209	1.57978	0.10357	1.57978	0.12509	1.57978	0.14665	1.57978	0.16770	1.57978	0.18765	
1.59106	0.02497	1.59106	0.04006	1.59106	0.05773	1.59106	0.07799	1.59106	0.10040	1.59106	0.12696	1.59106	0.15497	1.59106	0.18384	1.59106	0.21212	1.59106	0.23813	
1.61278	0.00087	1.61278	0.02164	1.61278	0.04444	1.61278	0.06916	1.61278	0.09585	1.61278	0.13708	1.61278	0.16355	1.61278	0.18819	1.61278	0.21036	1.61278	0.22978	
1.62325	0.03559	1.62325	0.05417	1.62325	0.07325	1.62325	0.09242	1.62325	0.11175	1.62325	0.14770	1.62325	0.17020	1.62325	0.19077	1.62325	0.20910	1.62325	0.22522	
1.63347	0.10716	1.63347	0.11612	1.63347	0.12660	1.63347	0.13906	1.63347	0.15404	1.63347	0.15472	1.63347	0.18533	1.63347	0.21460	1.63347	0.24103	1.63347	0.26386	
1.64345	0.10343	1.64345	0.11135	1.64345	0.12049	1.64345	0.13111	1.64345	0.14344	1.64345	0.15289	1.64345	0.17550	1.64345	0.19896	1.64345	0.22200	1.64345	0.24331	
1.66276	0.03746	1.66276	0.06194	1.66276	0.08760	1.66276	0.11271	1.66276	0.13595	1.66276	0.19322	1.66276	0.21692	1.66276	0.24163	1.66276	0.26546	1.66276	0.28700	
1.67210	0.03466	1.67210	0.06227	1.67210	0.09329	1.67210	0.12545	1.67210	0.15592	1.67210	0.17341	1.67210	0.19040	1.67210	0.20782	1.67210	0.22478	1.67210	0.24061	
1.69020	0.14842	1.69020	0.15644	1.69020	0.16563	1.69020	0.17633	1.69020	0.18898	1.69020	0.17608	1.69020	0.19397	1.69020	0.21101	1.69020	0.22729	1.69020	0.24268	
1.69897	0.13118	1.69897	0.14179	1.69897	0.15422	1.69897	0.16884	1.69897	0.18605	1.69897	0.20574	1.69897	0.22540	1.69897	0.24253	1.69897	0.25762	1.69897	0.27095	
1.71600	0.06380	1.71600	0.07736	1.71600	0.09317	1.71600	0.11119	1.71600	0.13102	1.71600	0.22166	1.71600	0.24157	1.71600	0.26276	1.71600	0.28378	1.71600	0.30332	
1.72428	0.09221	1.72428	0.10629	1.72428	0.12103	1.72428	0.13613	1.72428	0.15130	1.72428	0.22882	1.72428	0.25339	1.72428	0.27833	1.72428	0.30203	1.72428	0.32336	
1.74036	0.05486	1.74036	0.07459	1.74036	0.09742	1.74036	0.12297	1.74036	0.15015	1.74036	0.17333	1.74036	0.19427	1.74036	0.21425	1.74036	0.23290	1.74036	0.24997	
1.74819	0.18822	1.74819	0.19425	1.74819	0.20107	1.74819	0.20883	1.74819	0.21761	1.74819	0.18098	1.74819	0.19522	1.74819	0.20892	1.74819	0.22197	1.74819	0.23425	
1.76343	0.19054	1.76343	0.19814	1.76343	0.20687	1.76343	0.21695	1.76343	0.22862	1.76343	0.20306	1.76343	0.22627	1.76343	0.24668	1.76343	0.26440	1.76343	0.27974	
1.77815	0.22093	1.77815	0.22668	1.77815	0.23372	1.77815	0.24243	1.77815	0.25324	1.77815	0.23826	1.77815	0.24976	1.77815	0.26157	1.77815	0.27321	1.77815	0.28425	
1.78533	0.14885	1.78533	0.16422	1.78533	0.18010	1.78533	0.19588	1.78533	0.21102	1.78533	0.25686	1.78533	0.27287	1.78533	0.28924	1.78533	0.30517	1.78533	0.31996	
1.79934	0.17694	1.79934	0.18295	1.79934	0.18935	1.79934	0.19619	1.79934	0.20355	1.79934	0.28233	1.79934	0.30031	1.79934	0.31944	1.79934	0.33845	1.79934	0.35621	
1.81291	0.18826	1.81291	0.19532	1.81291	0.20380	1.81291	0.21419	1.81291	0.22703	1.81291	0.23805	1.81291	0.24976	1.81291	0.26035	1.81291	0.26989	1.81291	0.27849	
1.82607	0.21516	1.82607	0.21971	1.82607	0.22527	1.82607	0.23210	1.82607	0.24047	1.82607	0.22011	1.82607	0.22937	1.82607	0.23921	1.82607	0.24943	1.82607	0.25978	
1.83885	0.23380	1.83885	0.23882	1.83885	0.24460	1.83885	0.25120	1.83885	0.25865	1.83885	0.26142	1.83885	0.28218	1.83885	0.30357	1.83885	0.32395	1.83885	0.34217	
1.85126	0.15411	1.85126	0.17611	1.85126	0.20040	1.85126	0.22596	1.85126	0.25171	1.85126	0.26232	1.85126	0.27551	1.85126	0.28948	1.85126	0.30346	1.85126	0.31672	
1.86332	0.19424	1.86332	0.20889	1.86332	0.22481	1.86332	0.24193	1.86332	0.26030	1.86332	0.27582	1.86332	0.28518	1.86332	0.29468	1.86332	0.30401	1.86332	0.31292	
1.88081	0.28517	1.88081	0.28891	1.88081	0.29288	1.88081	0.29708	1.88081	0.30149	1.88081	0.30164	1.88081	0.32542	1.88081	0.34799	1.88081	0.36877	1.88081	0.38732	
1.89209	0.29736	1.89209	0.30097	1.89209	0.30544	1.89209	0.31108	1.89209	0.31831	1.89209	0.30107	1.89209	0.32311	1.89209	0.34532	1.89209	0.36664	1.89209	0.38613	
1.90309	0.29229	1.90309	0.29779	1.90309	0.30379	1.90309	0.31031	1.90309	0.31741	1.90309	0.31079	1.90309	0.31559	1.90309	0.32040	1.90309	0.32518	1.90309	0.32984	
1.91908	0.26607	1.91908	0.27650	1.91908	0.28905	1.91908	0.30431	1.91908	0.32288	1.91908	0.33930	1.91908	0.35354	1.91908	0.36986	1.91908	0.38720	1.91908	0.40429	
1.92942	0.25915	1.92942	0.27253	1.92942	0.28871	1.92942	0.30808	1.92942	0.33071	1.92942	0.33330	1.92942	0.34193	1.92942	0.35084	1.92942	0.35980	1.92942	0.36859	
1.94448	0.27746	1.94448	0.29129	1.94448	0.30667	1.94448	0.32328	1.94448	0.34059	1.94448	0.37067	1.94448	0.39812	1.94448	0.42533	1.94448	0.45032	1.94448	0.47199	
1.95424	0.33419	1.95424	0.34026	1.95424	0.34753	1.95424	0.35615	1.95424	0.36615	1.95424	0.38253	1.95424	0.40842	1.95424	0.43207	1.95424	0.45263	1.95424	0.46999	
1.96848	0.32059	1.96848	0.32772	1.96848	0.33672	1.96848	0.34810	1.96848	0.36232	1.96848	0.37431	1.96848	0.38939	1.96848	0.40276	1.96848	0.41433	1.96848	0.42420	
1.98227	0.33255	1.98227	0.34016	1.98227	0.34919	1.98227	0.35992	1.98227	0.37252	1.98227	0.38960	1.98227	0.40212	1.98227	0.41436	1.98227	0.42578	1.98227	0.43606	
1.99564	0.27614	1.99564	0.29072	1.99564	0.30906	1.99564	0.33140	1.99564	0.35696	1.99564	0.39918	1.99564	0.42007	1.99564	0.44055	1.99564	0.45927	1.99564	0.47555	
2.00860	0.29773	2.00860	0.31216	2.00860	0.32989	2.00860	0.35088	2.00860	0.37414	2.00860	0.40264	2.00860	0.41890	2.00860	0.43476	2.00860	0.44942	2.00860	0.46242	
2.02119	0.32977	2.02119	0.34131	2.02119	0.35526	2.02119	0.37155	2.02119	0.38958	2.02119	0.40869	2.02119	0.43018	2.02119	0.44753	2.02119	0.46116	2.02119	0.47185	
2.03342	0.32693	2.03342	0.33484	2.03342	0.34337	2.03342	0.35248	2.03342	0.36210	2.03342	0.41927	2.03342	0.43751	2.03342	0.45208	2.03342	0.46342	2.03342	0.47218	
2.04532	0.30835	2.04532	0.31929	2.04532	0.33276	2.04532	0.34923	2.04532	0.36886	2.04532	0.42597	2.04532	0.44184	2.04532	0.45529	2.04532	0.46635	2.04532	0.47534	
2.05690	0.33234	2.05690	0.34307	2.05690	0.35616	2.05690	0.37208	2.05690	0.39109	2.05690	0.38242	2.05690	0.39280	2.05690	0.40304	2.05690	0.41294	2.05690	0.42230	
2.07188	0.33489	2.07188	0.34621	2.07188	0.35980	2.07188	0.37590	2.07188	0.39441	2.07188	0.41443	2.07188	0.43697	2.07188	0.45713	2.07188	0.47420	2.07188	0.48823	
2.08279	0.34106	2.08279	0.35277	2.08279	0.36707	2.08279	0.38422	2.08279	0.40400	2.08279	0.43619	2.08279	0.45939	2.08279	0.48080	2.08279	0.49946	2.08279	0.51516	
2.09691	0.32737	2.09691	0.33878	2.09691	0.35326	2.09691	0.37137	2.09691	0.39312	2.09691	0.43567	2.09691	0.45589	2.09691	0.47431	2.09691	0.49037	2.09691	0.50403	
2.11059	0.30018	2.11059	0.31172	2.11059	0.32710	2.11059	0.34740	2.11059	0.37312	2.11059	0.44693	2.11059	0.46689	2.11059	0.48429	2.11059	0.49885	2.11059	0.51080	
2.12385	0.38378	2.12385	0.39577	2.12385	0.40941	2.12385	0.42453	2.12385	0.44067	2.12385	0.44253	2.12385	0.46582	2.12385	0.48593	2.12385	0.50246	2.12385	0.51579	
2.13672	0.39769	2.13672	0.40953	2.13672	0.42262	2.13672	0.43659	2.13672	0.45089	2.13672	0.43437	2.13672	0.46315	2.13672	0.48727	2.13672	0.50644	2.13672	0.52143	
2.14922	0.38271	2.14922	0.39314	2.14922	0.40469	2.14922	0.41713	2.14922	0.43003	2.14922	0.47325	2.14922	0.48827	2.14922	0.50183	2.14922	0.51379	2.14922	0.52418	
2.16137	0.36461	2.16137	0.37322	2.16137	0.38325	2.16137	0.39469	2.16137	0.40732	2.16137	0.47809	2.16137	0.49012	2.16137	0.50087	2.16137	0.51035	2.16137	0.51867	
2.17319	0.47324	2.17319	0.47600	2.17319	0.47888	2.17319	0.48186	2.17319	0.48491	2.17319	0.45515	2.17319	0.46649	2.17319	0.47668	2.17319	0.48565	2.17319	0.49349	
2.18752	0.51194	2.18752	0.51260	2.18752	0.51326	2.18752	0.51393	2.18752	0.51459	2.18752	0.43409	2.18752	0.44691	2.18752	0.45862	2.18752	0.46896	2.18752	0.47788	
2.19866	0.50390	2.19866	0.50500	2.19866	0.50618	2.19866	0.50741	2.19866	0.50871	2.19866	0.49113	2.19866	0.49423	2.19866	0.49728	2.19866	0.50025	2.19866	0.50311	
2.21219	0.47613	2.21219	0.47858	2.21219	0.48115	2.21219	0.48384	2.21219	0.48663	2.21219	0.51592	2.21219	0.51658	2.21219	0.51723	2.21219	0.51788	2.21219	0.51852	
2.22531	0.49099	2.22531	0.49258	2.22531	0.49430	2.22531	0.49613	2.22531	0.49807	2.22531	0.51148	2.22531	0.51293	2.22531	0.51442	2.22531	0.51594	2.22531	0.51747	
2.23805	0.47080	2.23805	0.47363	2.23805	0.47670	2.23805	0.48000	2.23805	0.48352	2.23805	0.49241	2.23805	0.49534	2.23805	0.49826	2.23805	0.50113	2.23805	0.50393	
2.25042	0.48965	2.25042	0.49129	2.25042	0.49306	2.25042	0.49496	2.25042	0.49698	2.25042	0.50226	2.25042	0.50447	2.25042	0.50674	2.25042	0.50903	2.25042	0.51134	
2.26482	0.50091	2.26482	0.50275	2.26482	0.50462	2.26482	0.50651	2.26482	0.50840	2.26482	0.49108	2.26482	0.49502	2.26482	0.49899	2.26482	0.50292	2.26482	0.50676	
2.27646	0.50182	2.27646	0.50450	2.27646	0.50724	2.27646	0.51001	2.27646	0.51278	2.27646	0.50135	2.27646	0.50366	2.27646	0.50604	2.27646	0.50845	2.27646	0.51086	
2.29003	0.49396	2.29003	0.49675	2.29003	0.49974	2.29003	0.50292	2.29003	0.50627	2.29003	0.51215	2.29003	0.51397	2.29003	0.51576	2.29003	0.51749	2.29003	0.51916	
2.30320	0.49590	2.30320	0.49945	2.30320	0.50327	2.30320	0.50730	2.30320	0.51148	2.30320	0.51824	2.30320	0.52086	2.30320	0.52339	2.30320	0.52582	2.30320	0.52812	
2.31597	0.50980	2.31597	0.51203	2.31597	0.51436	2.31597	0.51676	2.31597	0.51922	2.31597	0.51337	2.31597	0.51703	2.31597	0.52070	2.31597	0.52432	2.31597	0.52785	
2.32838	0.51077	2.32838	0.51249	2.32838	0.51427	2.32838	0.51609	2.32838	0.51794	2.32838	0.52002	2.32838	0.52420	2.32838	0.52823	2.32838	0.53205	2.32838	0.53560	
2.34044	0.51373	2.34044	0.51576	2.34044	0.51787	2.34044	0.52005	2.34044	0.52227	2.34044	0.52420	2.34044	0.52666	2.34044	0.52907	2.34044	0.53139	2.34044	0.53362	
2.35411	0.50814	2.35411	0.51000	2.35411	0.51193	2.35411	0.51391	2.35411	0.51593	2.35411	0.52168	2.35411	0.52353	2.35411	0.52535	2.35411	0.52713	2.35411	0.52885	
2.36736	0.50232	2.36736	0.50375	2.36736	0.50522	2.36736	0.50672	2.36736	0.50823	2.36736	0.52675	2.36736	0.52897	2.36736	0.53115	2.36736	0.53326	2.36736	0.53529	
2.38021	0.51041	2.38021	0.51144	2.38021	0.51250	2.38021	0.51357	2.38021	0.51465	2.38021	0.52001	2.38021	0.52203	2.38021	0.52402	2.38021	0.52595	2.38021	0.52781	
2.39270	0.51933	2.39270	0.52034	2.39270	0.52136	2.39270	0.52240	2.39270	0.52345	2.39270	0.51129	2.39270	0.51281	2.39270	0.51431	2.39270	0.51577	2.39270	0.51720	
2.40483	0.52483	2.40483	0.52626	2.40483	0.52773	2.40483	0.52922	2.40483	0.53074	2.40483	0.51682	2.40483	0.51790	2.40483	0.51897	2.40483	0.52002	2.40483	0.52105	
2.41830	0.54037	2.41830	0.54090	2.41830	0.54144	2.41830	0.54199	2.41830	0.54253	2.41830	0.52555	2.41830	0.52660	2.41830	0.52764	2.41830	0.52867	2.41830	0.52967	
2.43136	0.55460	2.43136	0.55492	2.43136	0.55524	2.43136	0.55556	2.43136	0.55588	2.43136	0.53380	2.43136	0.53531	2.43136	0.53681	2.43136	0.53828	2.43136	0.53970	
2.44404	0.56354	2.44404	0.56354	2.44404	0.56354	2.44404	0.56354	2.44404	0.56354	2.44404	0.54363	2.44404	0.54418	2.44404	0.54472	2.44404	0.54526	2.44404	0.54580	
2.45637	0.56427	2.45637	0.56428	2.45637	0.56430	2.45637	0.56431	2.45637	0.56433	2.45637	0.55653	2.45637	0.55686	2.45637	0.55718	2.45637	0.55750	2.45637	0.55782	
2.46982	0.57523	2.46982	0.57583	2.46982	0.57644	2.46982	0.57705	2.46982	0.57767	2.46982	0.56354	2.46982	0.56354	2.46982	0.56354	2.46982	0.56354	2.46982	0.56354	
2.48144	0.55702	2.48144	0.55702	2.48144	0.55702	2.48144	0.55702	2.48144	0.55702	2.48144	0.56436	2.48144	0.56437	2.48144	0.56439	2.48144	0.56440	2.48144	0.56442	
2.49554	0.57840	2.49554	0.57840	2.49554	0.57840	2.49554	0.57840	2.49554	0.57840	2.49554	0.57891	2.49554	0.57952	2.49554	0.58013	2.49554	0.58074	2.49554	0.58134	
2.50786	0.59517	2.50786	0.59517	2.50786	0.59517	2.50786	0.59517	2.50786	0.59517	2.50786	0.55702	2.50786	0.55702	2.50786	0.55702	2.50786	0.55702	2.50786	0.55702	
2.52114	0.59263	2.52114	0.59263	2.52114	0.59263	2.52114	0.59263	2.52114	0.59263	2.52114	0.57840	2.52114	0.57840	2.52114	0.57840	2.52114	0.57840	2.52114	0.57840	
2.53403	0.58889	2.53403	0.58889	2.53403	0.58889	2.53403	0.58889	2.53403	0.58889	2.53403	0.59517	2.53403	0.59517	2.53403	0.59517	2.53403	0.59517	2.53403	0.59517	
2.54654	0.58249	2.54654	0.58249	2.54654	0.58249	2.54654	0.58249	2.54654	0.58249	2.54654	0.59263	2.54654	0.59263	2.54654	0.59263	2.54654	0.59263	2.54654	0.59263	
2.55871	0.57916	2.55871	0.57916	2.55871	0.57916	2.55871	0.57916	2.55871	0.57916	2.55871	0.58889	2.55871	0.58889	2.55871	0.58889	2.55871	0.58889	2.55871	0.58889	
2.57171	0.59475	2.57171	0.59475	2.57171	0.59475	2.57171	0.59475	2.57171	0.59475	2.57171	0.58249	2.57171	0.58249	2.57171	0.58249	2.57171	0.58249	2.57171	0.58249	
2.58433	0.62965	2.58433	0.62965	2.58433	0.62965	2.58433	0.62965	2.58433	0.62965	2.58433	0.57916	2.58433	0.57916	2.58433	0.57916	2.58433	0.57916	2.58433	0.57916	
2.59770	0.63028	2.59770	0.63028	2.59770	0.63028	2.59770	0.63028	2.59770	0.63028	2.59770	0.59475	2.59770	0.59475	2.59770	0.59475	2.59770	0.59475	2.59770	0.59475	
2.61066	0.64413	2.61066	0.64413	2.61066	0.64413	2.61066	0.64413	2.61066	0.64413	2.61066	0.62965	2.61066	0.62965	2.61066	0.62965	2.61066	0.62965	2.61066	0.62965	
2.62325	0.65070	2.62325	0.65070	2.62325	0.65070	2.62325	0.65070	2.62325	0.65070	2.62325	0.63028	2.62325	0.63028	2.62325	0.63028	2.62325	0.63028	2.62325	0.63028	
2.63649	0.65776	2.63649	0.65776	2.63649	0.65776	2.63649	0.65776	2.63649	0.65776	2.63649	0.64413	2.63649	0.64413	2.63649	0.64413	2.63649	0.64413	2.63649	0.64413	
2.64933	0.66028	2.64933	0.66028	2.64933	0.66028	2.64933	0.66028	2.64933	0.66028	2.64933	0.65070	2.64933	0.65070	2.64933	0.65070	2.64933	0.65070	2.64933	0.65070	
2.66181	0.67197	2.66181	0.67197	2.66181	0.67197	2.66181	0.67197	2.66181	0.67197	2.66181	0.65776	2.66181	0.65776	2.66181	0.65776	2.66181	0.65776	2.66181	0.65776	
2.67486	0.69391	2.67486	0.69391	2.67486	0.69391	2.67486	0.69391	2.67486	0.69391	2.67486	0.66028	2.67486	0.66028	2.67486	0.66028	2.67486	0.66028	2.67486	0.66028	
2.68753	0.72599	2.68753	0.72599	2.68753	0.72599	2.68753	0.72599	2.68753	0.72599	2.68753	0.67197	2.68753	0.67197	2.68753	0.67197	2.68753	0.67197	2.68753	0.67197	
2.70070	0.76498	2.70070	0.76498	2.70070	0.76498	2.70070	0.76498	2.70070	0.76498	2.70070	0.69391	2.70070	0.69391	2.70070	0.69391	2.70070	0.69391	2.70070	0.69391	
2.71349	0.80022	2.71349	0.80022	2.71349	0.80022	2.71349	0.80022	2.71349	0.80022	2.71349	0.72599	2.71349	0.72599	2.71349	0.72599	2.71349	0.72599	2.71349	0.72599	
2.72591	0.81376	2.72591	0.81376	2.72591	0.81376	2.72591	0.81376	2.72591	0.81376	2.72591	0.76498	2.72591	0.76498	2.72591	0.76498	2.72591	0.76498	2.72591	0.76498	
2.73878	0.81784	2.73878	0.81784	2.73878	0.81784	2.73878	0.81784	2.73878	0.81784	2.73878	0.80022	2.73878	0.80022	2.73878	0.80022	2.73878	0.80022	2.73878	0.80022	
2.75128	0.81850	2.75128	0.81850	2.75128	0.81850	2.75128	0.81850	2.75128	0.81850	2.75128	0.81376	2.75128	0.81376	2.75128	0.81376	2.75128	0.81376	2.75128	0.81376	
2.76418	-5.00000	2.76418	-5.00000	2.76418	-5.00000	2.76418	-5.00000	2.76418	-5.00000	2.76418	0.81784	2.76418	0.81784	2.76418	0.81784	2.76418	0.81784	2.76418	0.81784	
2.77743	-5.00000	2.77743	-5.00000	2.77743	-5.00000	2.77743	-5.00000	2.77743	-5.00000	2.77743	0.81850	2.77743	0.81850	2.77743	0.81850	2.77743	0.81850	2.77743	0.81850	
