# MesswertTabelle
#
# M e s s w e r t t a b e l l e  der Reihen:
#
# NASDAQ-100_shuffled_1 (q=-5.0) [125,125] Werte
# NASDAQ-100_shuffled_1 (q=-4.0) [125,125] Werte
# NASDAQ-100_shuffled_1 (q=-3.0) [125,125] Werte
# NASDAQ-100_shuffled_1 (q=-2.0) [125,125] Werte
# NASDAQ-100_shuffled_1 (q=-1.0) [125,125] Werte
# NASDAQ-100_shuffled_1 (q=1.0) [128,128] Werte
# NASDAQ-100_shuffled_1 (q=2.0) [128,128] Werte
# NASDAQ-100_shuffled_1 (q=3.0) [128,128] Werte
# NASDAQ-100_shuffled_1 (q=4.0) [128,128] Werte
# NASDAQ-100_shuffled_1 (q=5.0) [128,128] Werte
#
#
#s	F(s)	s	F(s)	s	F(s)	s	F(s)	s	F(s)	s	F(s)	s	F(s)	s	F(s)	s	F(s)	s	F(s)	
0.60206	-16.72051	0.60206	-16.61272	0.60206	-16.43650	0.60206	-16.10121	0.60206	-15.40776	0.60206	-1.43144	0.60206	-0.66042	0.60206	-0.35849	0.60206	-0.19235	0.60206	-0.08746	
0.69897	-15.82445	0.69897	-15.74992	0.69897	-15.63244	0.69897	-15.43271	0.69897	-15.08833	0.69897	-1.39927	0.69897	-0.74867	0.69897	-0.48108	0.69897	-0.33024	0.69897	-0.23383	
0.77815	-16.02598	0.77815	-15.93214	0.77815	-15.78231	0.77815	-15.51720	0.77815	-15.05512	0.77815	-1.09579	0.77815	-0.48867	0.77815	-0.25328	0.77815	-0.12666	0.77815	-0.04732	
0.84510	-16.31567	0.84510	-16.22145	0.84510	-16.06628	0.84510	-15.77417	0.84510	-15.20144	0.84510	-0.92098	0.84510	-0.40301	0.84510	-0.19136	0.84510	-0.07138	0.84510	0.00645	
0.90309	-15.98051	0.90309	-15.89103	0.90309	-15.74335	0.90309	-15.46904	0.90309	-14.99134	0.90309	-1.01676	0.90309	-0.49940	0.90309	-0.29319	0.90309	-0.17609	0.90309	-0.09945	
0.95424	-15.88673	0.95424	-15.80176	0.95424	-15.66646	0.95424	-15.42798	0.95424	-14.98730	0.95424	-0.79672	0.95424	-0.31940	0.95424	-0.11262	0.95424	0.00278	0.95424	0.07559	
1.00000	-15.86808	1.00000	-15.78607	1.00000	-15.65512	1.00000	-15.42120	1.00000	-14.96763	1.00000	-0.89156	1.00000	-0.38832	1.00000	-0.17207	1.00000	-0.05191	1.00000	0.02417	
1.04139	-15.36877	1.04139	-15.30608	1.04139	-15.21078	1.04139	-15.05424	1.04139	-14.77326	1.04139	-0.75302	1.04139	-0.29083	1.04139	-0.09642	1.04139	0.01175	1.04139	0.08027	
1.07918	-16.15051	1.07918	-16.06836	1.07918	-15.93166	1.07918	-15.66266	1.07918	-15.01951	1.07918	-0.72295	1.07918	-0.29447	1.07918	-0.11907	1.07918	-0.02256	1.07918	0.03850	
1.11394	-15.28834	1.11394	-15.22953	1.11394	-15.13858	1.11394	-14.98176	1.11394	-14.66701	1.11394	-0.82562	1.11394	-0.37165	1.11394	-0.17591	1.11394	-0.06814	1.11394	-0.00103	
1.14613	-15.62173	1.14613	-15.54597	1.14613	-15.42746	1.14613	-15.22488	1.14613	-14.84867	1.14613	-0.62839	1.14613	-0.23874	1.14613	-0.07032	1.14613	0.02545	1.14613	0.08723	
1.17609	-15.26701	1.17609	-15.19365	1.17609	-15.08352	1.17609	-14.91489	1.17609	-14.63868	1.17609	-0.58728	1.17609	-0.24170	1.17609	-0.08729	1.17609	0.00123	1.17609	0.05837	
1.20412	-15.67560	1.20412	-15.61207	1.20412	-15.50774	1.20412	-15.30612	1.20412	-14.83326	1.20412	-0.70786	1.20412	-0.33095	1.20412	-0.16876	1.20412	-0.07281	1.20412	-0.00843	
1.23045	-15.49458	1.23045	-15.42873	1.23045	-15.32556	1.23045	-15.13940	1.23045	-14.71306	1.23045	-0.55457	1.23045	-0.17665	1.23045	-0.01086	1.23045	0.08269	1.23045	0.14220	
1.25527	-15.30552	1.25527	-15.24857	1.25527	-15.16211	1.25527	-15.01440	1.25527	-14.69732	1.25527	-0.56796	1.25527	-0.22986	1.25527	-0.08223	1.25527	-0.00009	1.25527	0.05163	
1.27875	-15.32485	1.27875	-15.26499	1.27875	-15.16935	1.27875	-14.99635	1.27875	-14.63785	1.27875	-0.54583	1.27875	-0.23265	1.27875	-0.09755	1.27875	-0.02095	1.27875	0.02842	
1.30103	-15.34016	1.30103	-15.28008	1.30103	-15.18414	1.30103	-15.00866	1.30103	-14.62091	1.30103	-0.56716	1.30103	-0.26821	1.30103	-0.12304	1.30103	-0.03436	1.30103	0.02550	
1.32222	-15.14125	1.32222	-15.08140	1.32222	-14.99086	1.32222	-14.83668	1.32222	-14.50596	1.32222	-0.46347	1.32222	-0.15902	1.32222	-0.01905	1.32222	0.06500	1.32222	0.12141	
1.34242	-15.22826	1.34242	-15.15984	1.34242	-15.05113	1.34242	-14.86528	1.34242	-14.51781	1.34242	-0.51624	1.34242	-0.19977	1.34242	-0.06326	1.34242	0.01494	1.34242	0.06576	
1.36173	-15.09722	1.36173	-15.03706	1.36173	-14.94384	1.36173	-14.78023	1.36173	-14.43059	1.36173	-0.45148	1.36173	-0.15763	1.36173	-0.01886	1.36173	0.06232	1.36173	0.11523	
1.38021	-15.21783	1.38021	-15.15191	1.38021	-15.04706	1.38021	-14.85925	1.38021	-14.43384	1.38021	-0.43893	1.38021	-0.14954	1.38021	-0.02098	1.38021	0.05272	1.38021	0.10059	
1.39794	-15.29200	1.39794	-15.22526	1.39794	-15.11601	1.39794	-14.91369	1.39794	-14.47706	1.39794	-0.50910	1.39794	-0.22150	1.39794	-0.08611	1.39794	-0.00692	1.39794	0.04456	
1.41497	-15.18589	1.41497	-15.12502	1.41497	-15.02837	1.41497	-14.85286	1.41497	-14.45876	1.41497	-0.42943	1.41497	-0.10563	1.41497	0.03576	1.41497	0.11185	1.41497	0.15894	
1.43136	-14.75517	1.43136	-14.69224	1.43136	-14.59195	1.43136	-14.41309	1.43136	-14.01055	1.43136	-0.34076	1.43136	-0.09559	1.43136	0.02843	1.43136	0.10277	1.43136	0.15195	
1.44716	-15.10482	1.44716	-15.04421	1.44716	-14.94983	1.44716	-14.78526	1.44716	-14.41903	1.44716	-0.35117	1.44716	-0.10532	1.44716	0.01088	1.44716	0.08003	1.44716	0.12577	
1.46240	-14.47041	1.46240	-14.41844	1.46240	-14.34548	1.46240	-14.23318	1.46240	-13.98856	1.46240	-0.34791	1.46240	-0.12244	1.46240	-0.01604	1.46240	0.04715	1.46240	0.08902	
1.47712	-14.87667	1.47712	-14.83042	1.47712	-14.76367	1.47712	-14.65119	1.47712	-14.38069	1.47712	-0.30307	1.47712	-0.09374	1.47712	0.01448	1.47712	0.07992	1.47712	0.12326	
1.49136	-14.68741	1.49136	-14.64046	1.49136	-14.56465	1.49136	-14.42300	1.49136	-14.05695	1.49136	-0.34186	1.49136	-0.13109	1.49136	-0.03014	1.49136	0.03133	1.49136	0.07318	
1.50515	-15.45028	1.50515	-15.38883	1.50515	-15.28686	1.50515	-15.08768	1.50515	-14.56951	1.50515	-0.31404	1.50515	-0.06174	1.50515	0.06397	1.50515	0.13785	1.50515	0.18519	
1.51851	-14.99944	1.51851	-14.93878	1.51851	-14.84013	1.51851	-14.65607	1.51851	-14.21017	1.51851	-0.36709	1.51851	-0.12521	1.51851	-0.00938	1.51851	0.05900	1.51851	0.10359	
1.53148	-14.49260	1.53148	-14.44669	1.53148	-14.37781	1.53148	-14.25710	1.53148	-13.94787	1.53148	-0.28759	1.53148	-0.09829	1.53148	-0.00032	1.53148	0.05978	1.53148	0.10010	
1.54407	-14.77684	1.54407	-14.71708	1.54407	-14.61927	1.54407	-14.43575	1.54407	-13.98981	1.54407	-0.27794	1.54407	-0.05283	1.54407	0.06231	1.54407	0.13025	1.54407	0.17442	
1.55630	-14.54347	1.55630	-14.49395	1.55630	-14.41816	1.55630	-14.28542	1.55630	-13.96117	1.55630	-0.24054	1.55630	-0.04507	1.55630	0.05467	1.55630	0.11612	1.55630	0.15768	
1.56820	-14.86777	1.56820	-14.80915	1.56820	-14.71239	1.56820	-14.52638	1.56820	-14.04480	1.56820	-0.24066	1.56820	-0.03724	1.56820	0.06670	1.56820	0.13047	1.56820	0.17364	
1.57978	-14.36826	1.57978	-14.32281	1.57978	-14.25093	1.57978	-14.12113	1.57978	-13.81087	1.57978	-0.18748	1.57978	0.01544	1.57978	0.11878	1.57978	0.17989	1.57978	0.21969	
1.59106	-14.51272	1.59106	-14.46585	1.59106	-14.39095	1.59106	-14.25049	1.59106	-13.88631	1.59106	-0.23344	1.59106	-0.02296	1.59106	0.07845	1.59106	0.13746	1.59106	0.17602	
1.61278	-14.95097	1.61278	-14.90960	1.61278	-14.84290	1.61278	-14.71630	1.61278	-14.37029	1.61278	-0.18722	1.61278	-0.01488	1.61278	0.07138	1.61278	0.12192	1.61278	0.15461	
1.62325	-14.77391	1.62325	-14.71823	1.62325	-14.62559	1.62325	-14.44295	1.62325	-13.94886	1.62325	-0.18328	1.62325	0.02183	1.62325	0.11596	1.62325	0.17038	1.62325	0.20599	
1.63347	-15.53759	1.63347	-15.48189	1.63347	-15.38906	1.63347	-15.20351	1.63347	-14.65935	1.63347	-0.17802	1.63347	-0.00049	1.63347	0.08271	1.63347	0.13088	1.63347	0.16201	
1.64345	-14.70653	1.64345	-14.66350	1.64345	-14.59417	1.64345	-14.45971	1.64345	-14.06563	1.64345	-0.19446	1.64345	0.00267	1.64345	0.09380	1.64345	0.14551	1.64345	0.17874	
1.66276	-15.13482	1.66276	-15.08091	1.66276	-14.99142	1.66276	-14.81685	1.66276	-14.36717	1.66276	-0.18902	1.66276	-0.00945	1.66276	0.07975	1.66276	0.13094	1.66276	0.16354	
1.67210	-14.90171	1.67210	-14.84795	1.67210	-14.75934	1.67210	-14.59016	1.67210	-14.16200	1.67210	-0.24384	1.67210	-0.04411	1.67210	0.06783	1.67210	0.13725	1.67210	0.18357	
1.69020	-14.46752	1.69020	-14.41545	1.69020	-14.32867	1.69020	-14.15511	1.69020	-13.63441	1.69020	-0.18851	1.69020	0.01309	1.69020	0.12038	1.69020	0.18393	1.69020	0.22547	
1.69897	-13.91665	1.69897	-13.86458	1.69897	-13.77780	1.69897	-13.60423	1.69897	-13.08353	1.69897	-0.27059	1.69897	-0.03715	1.69897	0.09253	1.69897	0.17204	1.69897	0.22358	
1.71600	-14.67116	1.71600	-14.62252	1.71600	-14.54531	1.71600	-14.40159	1.71600	-14.00615	1.71600	-0.12764	1.71600	0.05037	1.71600	0.14357	1.71600	0.20152	1.71600	0.24070	
1.72428	-14.04338	1.72428	-13.99338	1.72428	-13.91005	1.72428	-13.74338	1.72428	-13.24338	1.72428	-0.10779	1.72428	0.07763	1.72428	0.17465	1.72428	0.23062	1.72428	0.26635	
1.74036	-0.58018	1.74036	-0.55668	1.74036	-0.52252	1.74036	-0.46990	1.74036	-0.38426	1.74036	-0.10429	1.74036	0.04663	1.74036	0.13830	1.74036	0.19625	1.74036	0.23509	
1.74819	-0.60230	1.74819	-0.57465	1.74819	-0.53399	1.74819	-0.47080	1.74819	-0.36962	1.74819	-0.11984	1.74819	0.04117	1.74819	0.13478	1.74819	0.19342	1.74819	0.23250	
1.76343	-13.93170	1.76343	-13.88399	1.76343	-13.80447	1.76343	-13.64543	1.76343	-13.16830	1.76343	-0.12201	1.76343	0.04559	1.76343	0.14175	1.76343	0.19934	1.76343	0.23672	
1.77815	-13.87814	1.77815	-13.83043	1.77815	-13.75091	1.77815	-13.59187	1.77815	-13.11475	1.77815	-0.07672	1.77815	0.06133	1.77815	0.14844	1.77815	0.20212	1.77815	0.23709	
1.78533	-14.17433	1.78533	-14.13056	1.78533	-14.06155	1.78533	-13.93400	1.78533	-13.58464	1.78533	-0.04599	1.78533	0.08812	1.78533	0.17259	1.78533	0.22459	1.78533	0.25818	
1.79934	-0.58035	1.79934	-0.55391	1.79934	-0.51412	1.79934	-0.44893	1.79934	-0.33570	1.79934	-0.05869	1.79934	0.08284	1.79934	0.16491	1.79934	0.21485	1.79934	0.24722	
1.81291	-0.56706	1.81291	-0.54178	1.81291	-0.50419	1.81291	-0.44298	1.81291	-0.33456	1.81291	-0.10054	1.81291	0.05544	1.81291	0.14038	1.81291	0.19138	1.81291	0.22483	
1.82607	-0.51031	1.82607	-0.48917	1.82607	-0.45787	1.82607	-0.40684	1.82607	-0.31512	1.82607	-0.06103	1.82607	0.06176	1.82607	0.12728	1.82607	0.17141	1.82607	0.20374	
1.83885	-0.48434	1.83885	-0.45762	1.83885	-0.41779	1.83885	-0.35503	1.83885	-0.25523	1.83885	-0.00712	1.83885	0.09154	1.83885	0.14944	1.83885	0.18660	1.83885	0.21258	
1.85126	-0.54864	1.85126	-0.52547	1.85126	-0.49124	1.85126	-0.43573	1.85126	-0.33808	1.85126	0.01303	1.85126	0.12015	1.85126	0.17966	1.85126	0.21554	1.85126	0.23929	
1.86332	-0.63379	1.86332	-0.61622	1.86332	-0.58873	1.86332	-0.54170	1.86332	-0.45399	1.86332	0.01286	1.86332	0.12710	1.86332	0.19166	1.86332	0.23060	1.86332	0.25644	
1.88081	-13.98973	1.88081	-13.94747	1.88081	-13.87705	1.88081	-13.73620	1.88081	-13.31365	1.88081	0.00565	1.88081	0.08983	1.88081	0.14130	1.88081	0.17404	1.88081	0.19624	
1.89209	-0.60403	1.89209	-0.57396	1.89209	-0.52962	1.89209	-0.45808	1.89209	-0.33385	1.89209	-0.02213	1.89209	0.07994	1.89209	0.13721	1.89209	0.17158	1.89209	0.19416	
1.90309	-0.57731	1.90309	-0.54934	1.90309	-0.50504	1.90309	-0.42780	1.90309	-0.28771	1.90309	-0.11654	1.90309	0.00988	1.90309	0.08276	1.90309	0.12688	1.90309	0.15600	
1.91908	-0.54907	1.91908	-0.51238	1.91908	-0.45547	1.91908	-0.36097	1.91908	-0.20584	1.91908	0.00364	1.91908	0.10610	1.91908	0.15593	1.91908	0.18514	1.91908	0.20419	
1.92942	-0.48062	1.92942	-0.44568	1.92942	-0.39285	1.92942	-0.30882	1.92942	-0.18018	1.92942	0.01817	1.92942	0.11190	1.92942	0.16172	1.92942	0.19090	1.92942	0.20979	
1.94448	-0.45057	1.94448	-0.41732	1.94448	-0.36834	1.94448	-0.29337	1.94448	-0.18226	1.94448	0.06744	1.94448	0.15383	1.94448	0.20283	1.94448	0.23413	1.94448	0.25607	
1.95424	-0.47844	1.95424	-0.44501	1.95424	-0.39576	1.95424	-0.32055	1.95424	-0.20973	1.95424	0.11092	1.95424	0.18080	1.95424	0.22091	1.95424	0.24706	1.95424	0.26585	
1.96848	-0.48646	1.96848	-0.44874	1.96848	-0.39009	1.96848	-0.29646	1.96848	-0.16257	1.96848	0.07514	1.96848	0.13758	1.96848	0.17491	1.96848	0.19947	1.96848	0.21688	
1.98227	-0.46284	1.98227	-0.42931	1.98227	-0.37752	1.98227	-0.29456	1.98227	-0.16994	1.98227	0.05945	1.98227	0.13031	1.98227	0.17461	1.98227	0.20362	1.98227	0.22363	
1.99564	-0.22517	1.99564	-0.19973	1.99564	-0.16534	1.99564	-0.11815	1.99564	-0.05453	1.99564	0.03058	1.99564	0.10262	1.99564	0.14892	1.99564	0.18020	1.99564	0.20249	
2.00860	-0.22261	2.00860	-0.19660	2.00860	-0.16110	2.00860	-0.11167	2.00860	-0.04370	2.00860	0.06866	2.00860	0.12985	2.00860	0.17070	2.00860	0.19901	2.00860	0.21916	
2.02119	-0.20436	2.02119	-0.17918	2.02119	-0.14490	2.02119	-0.09694	2.02119	-0.02991	2.02119	0.07897	2.02119	0.14596	2.02119	0.18724	2.02119	0.21385	2.02119	0.23185	
2.03342	-0.29034	2.03342	-0.27109	2.03342	-0.24205	2.03342	-0.19512	2.03342	-0.11698	2.03342	0.09775	2.03342	0.15624	2.03342	0.19624	2.03342	0.22279	2.03342	0.24080	
2.04532	-0.41599	2.04532	-0.38255	2.04532	-0.33080	2.04532	-0.24725	2.04532	-0.11980	2.04532	0.12217	2.04532	0.18496	2.04532	0.22712	2.04532	0.25480	2.04532	0.27352	
2.05690	-0.53939	2.05690	-0.50485	2.05690	-0.44915	2.05690	-0.35158	2.05690	-0.18469	2.05690	0.13955	2.05690	0.20473	2.05690	0.24830	2.05690	0.27677	2.05690	0.29600	
2.07188	-0.50914	2.07188	-0.47933	2.07188	-0.43100	2.07188	-0.34449	2.07188	-0.18532	2.07188	0.11328	2.07188	0.19356	2.07188	0.24142	2.07188	0.27045	2.07188	0.28923	
2.08279	-0.48377	2.08279	-0.45465	2.08279	-0.40929	2.08279	-0.33523	2.08279	-0.21730	2.08279	0.13361	2.08279	0.19917	2.08279	0.23936	2.08279	0.26570	2.08279	0.28403	
2.09691	-0.28580	2.09691	-0.25797	2.09691	-0.21586	2.09691	-0.14959	2.09691	-0.04872	2.09691	0.13773	2.09691	0.20649	2.09691	0.24821	2.09691	0.27643	2.09691	0.29679	
2.11059	-0.26732	2.11059	-0.23918	2.11059	-0.19642	2.11059	-0.12916	2.11059	-0.02832	2.11059	0.17471	2.11059	0.24934	2.11059	0.29070	2.11059	0.31701	2.11059	0.33538	
2.12385	-0.26433	2.12385	-0.23574	2.12385	-0.19188	2.12385	-0.12219	2.12385	-0.01767	2.12385	0.08115	2.12385	0.18465	2.12385	0.25160	2.12385	0.29445	2.12385	0.32277	
2.13672	-0.23910	2.13672	-0.21045	2.13672	-0.16643	2.13672	-0.09640	2.13672	0.00827	2.13672	0.17853	2.13672	0.24605	2.13672	0.28821	2.13672	0.31606	2.13672	0.33571	
2.14922	0.02324	2.14922	0.04434	2.14922	0.07286	2.14922	0.11132	2.14922	0.16048	2.14922	0.18904	2.14922	0.25272	2.14922	0.29312	2.14922	0.32028	2.14922	0.33970	
2.16137	0.20527	2.16137	0.22190	2.16137	0.24287	2.16137	0.26814	2.16137	0.29623	2.16137	0.19908	2.16137	0.26037	2.16137	0.29951	2.16137	0.32623	2.16137	0.34557	
2.17319	0.19366	2.17319	0.21069	2.17319	0.23243	2.17319	0.25902	2.17319	0.28900	2.17319	0.22045	2.17319	0.27849	2.17319	0.31495	2.17319	0.33960	2.17319	0.35740	
2.18752	0.17046	2.18752	0.18808	2.18752	0.21100	2.18752	0.23970	2.18752	0.27290	2.18752	0.26713	2.18752	0.30800	2.18752	0.33781	2.18752	0.35922	2.18752	0.37493	
2.19866	0.14396	2.19866	0.16149	2.19866	0.18451	2.19866	0.21393	2.19866	0.24907	2.19866	0.34904	2.19866	0.36928	2.19866	0.38498	2.19866	0.39700	2.19866	0.40629	
2.21219	0.12055	2.21219	0.13843	2.21219	0.16224	2.21219	0.19330	2.21219	0.23139	2.21219	0.34610	2.21219	0.36801	2.21219	0.38498	2.21219	0.39796	2.21219	0.40799	
2.22531	0.10090	2.22531	0.11998	2.22531	0.14597	2.22531	0.18071	2.22531	0.22397	2.22531	0.33770	2.22531	0.36272	2.22531	0.38204	2.22531	0.39678	2.22531	0.40816	
2.23805	0.09259	2.23805	0.11213	2.23805	0.13904	2.23805	0.17542	2.23805	0.22107	2.23805	0.32176	2.23805	0.35124	2.23805	0.37442	2.23805	0.39225	2.23805	0.40603	
2.25042	0.08999	2.25042	0.10801	2.25042	0.13233	2.25042	0.16486	2.25042	0.20625	2.25042	0.31280	2.25042	0.34616	2.25042	0.37222	2.25042	0.39205	2.25042	0.40719	
2.26482	-0.12130	2.26482	-0.09978	2.26482	-0.06790	2.26482	-0.01920	2.26482	0.05363	2.26482	0.31472	2.26482	0.34996	2.26482	0.37654	2.26482	0.39632	2.26482	0.41124	
2.27646	-0.03121	2.27646	-0.00847	2.27646	0.02624	2.27646	0.08028	2.27646	0.15831	2.27646	0.31612	2.27646	0.35210	2.27646	0.37882	2.27646	0.39851	2.27646	0.41328	
2.29003	0.42762	2.29003	0.43009	2.29003	0.43267	2.29003	0.43536	2.29003	0.43811	2.29003	0.29987	2.29003	0.33924	2.29003	0.36974	2.29003	0.39255	2.29003	0.40959	
2.30320	0.41359	2.30320	0.41660	2.30320	0.41979	2.30320	0.42313	2.30320	0.42658	2.30320	0.23939	2.30320	0.30801	2.30320	0.35374	2.30320	0.38405	2.30320	0.40482	
2.31597	0.38669	2.31597	0.39097	2.31597	0.39562	2.31597	0.40060	2.31597	0.40582	2.31597	0.31663	2.31597	0.36120	2.31597	0.38832	2.31597	0.40582	2.31597	0.41809	
2.32838	0.35932	2.32838	0.36484	2.32838	0.37103	2.32838	0.37782	2.32838	0.38506	2.32838	0.44369	2.32838	0.44644	2.32838	0.44913	2.32838	0.45171	2.32838	0.45418	
2.34044	0.36680	2.34044	0.37184	2.34044	0.37743	2.34044	0.38349	2.34044	0.38992	2.34044	0.43359	2.34044	0.43704	2.34044	0.44038	2.34044	0.44357	2.34044	0.44658	
2.35411	0.38482	2.35411	0.38887	2.35411	0.39325	2.35411	0.39792	2.35411	0.40281	2.35411	0.41653	2.35411	0.42175	2.35411	0.42673	2.35411	0.43139	2.35411	0.43566	
2.36736	0.40108	2.36736	0.40426	2.36736	0.40765	2.36736	0.41121	2.36736	0.41489	2.36736	0.40005	2.36736	0.40730	2.36736	0.41408	2.36736	0.42027	2.36736	0.42580	
2.38021	0.41107	2.38021	0.41357	2.38021	0.41620	2.38021	0.41892	2.38021	0.42172	2.38021	0.40316	2.38021	0.40959	2.38021	0.41565	2.38021	0.42123	2.38021	0.42627	
2.39270	0.40459	2.39270	0.40726	2.39270	0.41007	2.39270	0.41299	2.39270	0.41600	2.39270	0.41280	2.39270	0.41768	2.39270	0.42235	2.39270	0.42674	2.39270	0.43078	
2.40483	0.39345	2.40483	0.39650	2.40483	0.39973	2.40483	0.40312	2.40483	0.40662	2.40483	0.42238	2.40483	0.42606	2.40483	0.42962	2.40483	0.43301	2.40483	0.43619	
2.41830	0.37914	2.41830	0.38274	2.41830	0.38659	2.41830	0.39067	2.41830	0.39491	2.41830	0.42738	2.41830	0.43018	2.41830	0.43291	2.41830	0.43553	2.41830	0.43803	
2.43136	0.36015	2.43136	0.36452	2.43136	0.36929	2.43136	0.37440	2.43136	0.37977	2.43136	0.42209	2.43136	0.42510	2.43136	0.42802	2.43136	0.43083	2.43136	0.43349	
2.44404	0.35860	2.44404	0.36273	2.44404	0.36723	2.44404	0.37203	2.44404	0.37705	2.44404	0.41373	2.44404	0.41723	2.44404	0.42062	2.44404	0.42385	2.44404	0.42690	
2.45637	0.36635	2.45637	0.36962	2.45637	0.37311	2.45637	0.37679	2.45637	0.38059	2.45637	0.40356	2.45637	0.40780	2.45637	0.41187	2.45637	0.41573	2.45637	0.41933	
2.46982	0.43675	2.46982	0.43675	2.46982	0.43675	2.46982	0.43675	2.46982	0.43675	2.46982	0.39077	2.46982	0.39614	2.46982	0.40125	2.46982	0.40602	2.46982	0.41038	
2.48144	0.43062	2.48144	0.43062	2.48144	0.43062	2.48144	0.43062	2.48144	0.43062	2.48144	0.38733	2.48144	0.39235	2.48144	0.39715	2.48144	0.40165	2.48144	0.40579	
2.49554	0.42619	2.49554	0.42619	2.49554	0.42619	2.49554	0.42619	2.49554	0.42619	2.49554	0.38833	2.49554	0.39213	2.49554	0.39580	2.49554	0.39930	2.49554	0.40257	
2.50786	0.42262	2.50786	0.42262	2.50786	0.42262	2.50786	0.42262	2.50786	0.42262	2.50786	0.43675	2.50786	0.43675	2.50786	0.43675	2.50786	0.43675	2.50786	0.43675	
2.52114	0.41910	2.52114	0.41910	2.52114	0.41910	2.52114	0.41910	2.52114	0.41910	2.52114	0.43062	2.52114	0.43062	2.52114	0.43062	2.52114	0.43062	2.52114	0.43062	
2.53403	0.41546	2.53403	0.41546	2.53403	0.41546	2.53403	0.41546	2.53403	0.41546	2.53403	0.42619	2.53403	0.42619	2.53403	0.42619	2.53403	0.42619	2.53403	0.42619	
2.54654	0.41218	2.54654	0.41218	2.54654	0.41218	2.54654	0.41218	2.54654	0.41218	2.54654	0.42262	2.54654	0.42262	2.54654	0.42262	2.54654	0.42262	2.54654	0.42262	
2.55871	0.40916	2.55871	0.40916	2.55871	0.40916	2.55871	0.40916	2.55871	0.40916	2.55871	0.41910	2.55871	0.41910	2.55871	0.41910	2.55871	0.41910	2.55871	0.41910	
2.57171	0.47448	2.57171	0.47448	2.57171	0.47448	2.57171	0.47448	2.57171	0.47448	2.57171	0.41546	2.57171	0.41546	2.57171	0.41546	2.57171	0.41546	2.57171	0.41546	
2.58433	0.52380	2.58433	0.52380	2.58433	0.52380	2.58433	0.52380	2.58433	0.52380	2.58433	0.41218	2.58433	0.41218	2.58433	0.41218	2.58433	0.41218	2.58433	0.41218	
2.59770	0.54860	2.59770	0.54860	2.59770	0.54860	2.59770	0.54860	2.59770	0.54860	2.59770	0.40916	2.59770	0.40916	2.59770	0.40916	2.59770	0.40916	2.59770	0.40916	
2.61066	0.55956	2.61066	0.55956	2.61066	0.55956	2.61066	0.55956	2.61066	0.55956	2.61066	0.47448	2.61066	0.47448	2.61066	0.47448	2.61066	0.47448	2.61066	0.47448	
2.62325	0.56334	2.62325	0.56334	2.62325	0.56334	2.62325	0.56334	2.62325	0.56334	2.62325	0.52380	2.62325	0.52380	2.62325	0.52380	2.62325	0.52380	2.62325	0.52380	
2.63649	0.56330	2.63649	0.56330	2.63649	0.56330	2.63649	0.56330	2.63649	0.56330	2.63649	0.54860	2.63649	0.54860	2.63649	0.54860	2.63649	0.54860	2.63649	0.54860	
2.64933	0.56308	2.64933	0.56308	2.64933	0.56308	2.64933	0.56308	2.64933	0.56308	2.64933	0.55956	2.64933	0.55956	2.64933	0.55956	2.64933	0.55956	2.64933	0.55956	
2.66181	0.56015	2.66181	0.56015	2.66181	0.56015	2.66181	0.56015	2.66181	0.56015	2.66181	0.56334	2.66181	0.56334	2.66181	0.56334	2.66181	0.56334	2.66181	0.56334	
2.67486	0.55576	2.67486	0.55576	2.67486	0.55576	2.67486	0.55576	2.67486	0.55576	2.67486	0.56330	2.67486	0.56330	2.67486	0.56330	2.67486	0.56330	2.67486	0.56330	
2.68753	0.55182	2.68753	0.55182	2.68753	0.55182	2.68753	0.55182	2.68753	0.55182	2.68753	0.56308	2.68753	0.56308	2.68753	0.56308	2.68753	0.56308	2.68753	0.56308	
2.70070	0.54932	2.70070	0.54932	2.70070	0.54932	2.70070	0.54932	2.70070	0.54932	2.70070	0.56015	2.70070	0.56015	2.70070	0.56015	2.70070	0.56015	2.70070	0.56015	
2.71349	0.54528	2.71349	0.54528	2.71349	0.54528	2.71349	0.54528	2.71349	0.54528	2.71349	0.55576	2.71349	0.55576	2.71349	0.55576	2.71349	0.55576	2.71349	0.55576	
2.72591	0.54190	2.72591	0.54190	2.72591	0.54190	2.72591	0.54190	2.72591	0.54190	2.72591	0.55182	2.72591	0.55182	2.72591	0.55182	2.72591	0.55182	2.72591	0.55182	
2.73878	0.53890	2.73878	0.53890	2.73878	0.53890	2.73878	0.53890	2.73878	0.53890	2.73878	0.54932	2.73878	0.54932	2.73878	0.54932	2.73878	0.54932	2.73878	0.54932	
2.75128	-5.00000	2.75128	-5.00000	2.75128	-5.00000	2.75128	-5.00000	2.75128	-5.00000	2.75128	0.54528	2.75128	0.54528	2.75128	0.54528	2.75128	0.54528	2.75128	0.54528	
2.76418	-5.00000	2.76418	-5.00000	2.76418	-5.00000	2.76418	-5.00000	2.76418	-5.00000	2.76418	0.54190	2.76418	0.54190	2.76418	0.54190	2.76418	0.54190	2.76418	0.54190	
2.77743	-5.00000	2.77743	-5.00000	2.77743	-5.00000	2.77743	-5.00000	2.77743	-5.00000	2.77743	0.53890	2.77743	0.53890	2.77743	0.53890	2.77743	0.53890	2.77743	0.53890	
