# MesswertTabelle
#
# M e s s w e r t t a b e l l e  der Reihen:
#
# NASDAQ-100_raw_0 (q=-5.0) [124,124] Werte
# NASDAQ-100_raw_0 (q=-4.0) [124,124] Werte
# NASDAQ-100_raw_0 (q=-3.0) [124,124] Werte
# NASDAQ-100_raw_0 (q=-2.0) [124,124] Werte
# NASDAQ-100_raw_0 (q=-1.0) [124,124] Werte
# NASDAQ-100_raw_0 (q=1.0) [128,128] Werte
# NASDAQ-100_raw_0 (q=2.0) [128,128] Werte
# NASDAQ-100_raw_0 (q=3.0) [128,128] Werte
# NASDAQ-100_raw_0 (q=4.0) [128,128] Werte
# NASDAQ-100_raw_0 (q=5.0) [128,128] Werte
#
#
#s	F(s)	s	F(s)	s	F(s)	s	F(s)	s	F(s)	s	F(s)	s	F(s)	s	F(s)	s	F(s)	s	F(s)	
0.60206	-16.11752	0.60206	-16.00796	0.60206	-15.82678	0.60206	-15.47861	0.60206	-14.74284	0.60206	-1.84641	0.60206	-1.16778	0.60206	-0.92546	0.60206	-0.79596	0.60206	-0.71396	
0.69897	-15.30610	0.69897	-15.23632	0.69897	-15.12429	0.69897	-14.92249	0.69897	-14.55083	0.69897	-1.52136	0.69897	-0.80620	0.69897	-0.54200	0.69897	-0.40447	0.69897	-0.32000	
0.77815	-15.18235	0.77815	-15.09640	0.77815	-14.96769	0.77815	-14.75876	0.77815	-14.41695	0.77815	-1.35763	0.77815	-0.63890	0.77815	-0.37676	0.77815	-0.23996	0.77815	-0.15586	
0.84510	-15.10090	0.84510	-15.03801	0.84510	-14.94211	0.84510	-14.77296	0.84510	-14.42552	0.84510	-1.17810	0.84510	-0.46643	0.84510	-0.20578	0.84510	-0.06809	0.84510	0.01815	
0.90309	-14.77781	0.90309	-14.72643	0.90309	-14.65179	0.90309	-14.53739	0.90309	-14.34910	0.90309	-1.07347	0.90309	-0.39025	0.90309	-0.13604	0.90309	-0.00282	0.90309	0.07917	
0.95424	-15.61352	0.95424	-15.52575	0.95424	-15.37985	0.95424	-15.09571	0.95424	-14.50205	0.95424	-1.05620	0.95424	-0.42339	0.95424	-0.19816	0.95424	-0.08328	0.95424	-0.01360	
1.00000	-15.00199	1.00000	-14.92562	1.00000	-14.81100	1.00000	-14.62741	1.00000	-14.32671	1.00000	-0.89671	1.00000	-0.26579	1.00000	-0.03674	1.00000	0.08186	1.00000	0.15441	
1.04139	-14.97117	1.04139	-14.90643	1.04139	-14.80958	1.04139	-14.65359	1.04139	-14.38405	1.04139	-0.88135	1.04139	-0.27114	1.04139	-0.04340	1.04139	0.07832	1.04139	0.15508	
1.07918	-14.61568	1.07918	-14.54286	1.07918	-14.43698	1.07918	-14.28300	1.07918	-14.07470	1.07918	-0.89756	1.07918	-0.28016	1.07918	-0.05438	1.07918	0.06194	1.07918	0.13240	
1.11394	-14.99246	1.11394	-14.92722	1.11394	-14.82195	1.11394	-14.63480	1.11394	-14.29875	1.11394	-0.86927	1.11394	-0.28850	1.11394	-0.08507	1.11394	0.01873	1.11394	0.08201	
1.14613	-15.29036	1.14613	-15.21551	1.14613	-15.09554	1.14613	-14.87401	1.14613	-14.40665	1.14613	-0.75483	1.14613	-0.17917	1.14613	0.02901	1.14613	0.13913	1.14613	0.20852	
1.17609	-15.18287	1.17609	-15.10483	1.17609	-14.97689	1.17609	-14.74256	1.17609	-14.32497	1.17609	-0.77624	1.17609	-0.22619	1.17609	-0.03267	1.17609	0.06645	1.17609	0.12708	
1.20412	-14.52194	1.20412	-14.46699	1.20412	-14.38945	1.20412	-14.27459	1.20412	-14.09029	1.20412	-0.84419	1.20412	-0.30980	1.20412	-0.10808	1.20412	-0.00022	1.20412	0.06714	
1.23045	-14.56077	1.23045	-14.50381	1.23045	-14.41563	1.23045	-14.27245	1.23045	-14.04723	1.23045	-0.71440	1.23045	-0.18901	1.23045	-0.00591	1.23045	0.08700	1.23045	0.14343	
1.25527	-14.46881	1.25527	-14.40325	1.25527	-14.30876	1.25527	-14.17500	1.25527	-13.99104	1.25527	-0.55142	1.25527	-0.03443	1.25527	0.14868	1.25527	0.24308	1.25527	0.30108	
1.27875	-14.53943	1.27875	-14.48739	1.27875	-14.40999	1.27875	-14.29128	1.27875	-14.11227	1.27875	-0.58874	1.27875	-0.08657	1.27875	0.09040	1.27875	0.18143	1.27875	0.23764	
1.30103	-14.64720	1.30103	-14.58200	1.30103	-14.48108	1.30103	-14.31407	1.30103	-14.03684	1.30103	-0.60229	1.30103	-0.10770	1.30103	0.06094	1.30103	0.14562	1.30103	0.19653	
1.32222	-14.28423	1.32222	-14.23402	1.32222	-14.16516	1.32222	-14.06605	1.32222	-13.91134	1.32222	-0.52632	1.32222	-0.04090	1.32222	0.13459	1.32222	0.22777	1.32222	0.28699	
1.34242	-14.47844	1.34242	-14.42853	1.34242	-14.35166	1.34242	-14.22220	1.34242	-13.99311	1.34242	-0.53136	1.34242	-0.05798	1.34242	0.10364	1.34242	0.18493	1.34242	0.23392	
1.36173	-14.57523	1.36173	-14.52051	1.36173	-14.43812	1.36173	-14.30421	1.36173	-14.06918	1.36173	-0.55743	1.36173	-0.09162	1.36173	0.07038	1.36173	0.15330	1.36173	0.20411	
1.38021	-14.75013	1.38021	-14.70268	1.38021	-14.63154	1.38021	-14.50907	1.38021	-14.25146	1.38021	-0.48975	1.38021	-0.01901	1.38021	0.13913	1.38021	0.21911	1.38021	0.26783	
1.39794	-14.73673	1.39794	-14.67920	1.39794	-14.59058	1.39794	-14.43503	1.39794	-14.11162	1.39794	-0.40896	1.39794	0.04816	1.39794	0.20617	1.39794	0.28722	1.39794	0.33714	
1.41497	-14.94536	1.41497	-14.87984	1.41497	-14.77275	1.41497	-14.57405	1.41497	-14.16831	1.41497	-0.36413	1.41497	0.07781	1.41497	0.23368	1.41497	0.31388	1.41497	0.36319	
1.43136	-14.56640	1.43136	-14.51795	1.43136	-14.44237	1.43136	-14.30737	1.43136	-14.02916	1.43136	-0.40112	1.43136	0.02682	1.43136	0.17738	1.43136	0.25467	1.43136	0.30232	
1.44716	-14.30261	1.44716	-14.24472	1.44716	-14.15990	1.44716	-14.03726	1.44716	-13.86728	1.44716	-0.40636	1.44716	0.00625	1.44716	0.15102	1.44716	0.22443	1.44716	0.26896	
1.46240	-14.52996	1.46240	-14.46720	1.46240	-14.36671	1.46240	-14.19251	1.46240	-13.89096	1.46240	-0.51333	1.46240	-0.08664	1.46240	0.07562	1.46240	0.16052	1.46240	0.21255	
1.47712	-14.65822	1.47712	-14.60869	1.47712	-14.53695	1.47712	-14.42331	1.47712	-14.21030	1.47712	-0.37990	1.47712	0.02218	1.47712	0.16088	1.47712	0.23128	1.47712	0.27413	
1.49136	-14.90188	1.49136	-14.83923	1.49136	-14.73567	1.49136	-14.53900	1.49136	-14.12650	1.49136	-0.39201	1.49136	0.00895	1.49136	0.14736	1.49136	0.21758	1.49136	0.26029	
1.50515	-14.35240	1.50515	-14.29428	1.50515	-14.20570	1.50515	-14.06491	1.50515	-13.82955	1.50515	-0.44521	1.50515	-0.01423	1.50515	0.15096	1.50515	0.23938	1.50515	0.29487	
1.51851	-14.30236	1.51851	-14.25130	1.51851	-14.17385	1.51851	-14.04747	1.51851	-13.82293	1.51851	-0.33704	1.51851	0.07495	1.51851	0.21938	1.51851	0.29628	1.51851	0.34547	
1.53148	-15.28792	1.53148	-15.22658	1.53148	-15.12539	1.53148	-14.93240	1.53148	-14.49811	1.53148	-0.30319	1.53148	0.08730	1.53148	0.22472	1.53148	0.29669	1.53148	0.34195	
1.54407	-14.32968	1.54407	-14.29676	1.54407	-14.24483	1.54407	-14.15219	1.54407	-13.95902	1.54407	-0.30774	1.54407	0.06331	1.54407	0.19260	1.54407	0.25906	1.54407	0.30003	
1.55630	-14.81215	1.55630	-14.75691	1.55630	-14.66900	1.55630	-14.50589	1.55630	-14.14060	1.55630	-0.32495	1.55630	0.04478	1.55630	0.17289	1.55630	0.23829	1.55630	0.27834	
1.56820	-14.60603	1.56820	-14.55683	1.56820	-14.47965	1.56820	-14.34361	1.56820	-14.07505	1.56820	-0.31051	1.56820	0.06053	1.56820	0.18972	1.56820	0.25601	1.56820	0.29676	
1.57978	-14.56178	1.57978	-14.52564	1.57978	-14.47067	1.57978	-14.37240	1.57978	-14.14498	1.57978	-0.29817	1.57978	0.06018	1.57978	0.18711	1.57978	0.25371	1.57978	0.29578	
1.59106	-14.24622	1.59106	-14.20050	1.59106	-14.13547	1.59106	-14.03823	1.59106	-13.87005	1.59106	-0.32344	1.59106	0.05437	1.59106	0.18959	1.59106	0.26320	1.59106	0.31107	
1.61278	-14.19102	1.61278	-14.16339	1.61278	-14.12202	1.61278	-14.05293	1.61278	-13.91181	1.61278	-0.23213	1.61278	0.12904	1.61278	0.25643	1.61278	0.32453	1.61278	0.36819	
1.62325	-14.50147	1.62325	-14.45761	1.62325	-14.39027	1.62325	-14.27779	1.62325	-14.07384	1.62325	-0.19633	1.62325	0.15051	1.62325	0.27346	1.62325	0.33949	1.62325	0.38197	
1.63347	-13.87659	1.63347	-13.84481	1.63347	-13.80080	1.63347	-13.73394	1.63347	-13.60677	1.63347	-0.18161	1.63347	0.16438	1.63347	0.28601	1.63347	0.35048	1.63347	0.39138	
1.64345	-14.56215	1.64345	-14.50850	1.64345	-14.42064	1.64345	-14.25873	1.64345	-13.94035	1.64345	-0.16672	1.64345	0.17888	1.64345	0.29956	1.64345	0.36275	1.64345	0.40219	
1.66276	-14.76102	1.66276	-14.70707	1.66276	-14.61736	1.66276	-14.44179	1.66276	-14.02825	1.66276	-0.12526	1.66276	0.20441	1.66276	0.31973	1.66276	0.38014	1.66276	0.41781	
1.67210	-14.07717	1.67210	-14.04037	1.67210	-13.98276	1.67210	-13.88294	1.67210	-13.68601	1.67210	-0.13208	1.67210	0.19675	1.67210	0.31157	1.67210	0.37172	1.67210	0.40931	
1.69020	-14.01537	1.69020	-13.98519	1.69020	-13.93899	1.69020	-13.86017	1.69020	-13.69662	1.69020	-0.12493	1.69020	0.18250	1.69020	0.28845	1.69020	0.34348	1.69020	0.37773	
1.69897	-14.19691	1.69897	-14.16980	1.69897	-14.12867	1.69897	-14.06109	1.69897	-13.92695	1.69897	-0.13955	1.69897	0.16589	1.69897	0.27019	1.69897	0.32389	1.69897	0.35709	
1.71600	-14.31511	1.71600	-14.28407	1.71600	-14.23852	1.71600	-14.16126	1.71600	-13.98773	1.71600	-0.15445	1.71600	0.14902	1.71600	0.25165	1.71600	0.30392	1.71600	0.33596	
1.72428	-14.00046	1.72428	-13.96053	1.72428	-13.90408	1.72428	-13.82029	1.72428	-13.67903	1.72428	-0.11336	1.72428	0.17111	1.72428	0.26734	1.72428	0.31638	1.72428	0.34645	
1.74036	-14.98822	1.74036	-14.93823	1.74036	-14.85497	1.74036	-14.69031	1.74036	-14.27356	1.74036	-0.10062	1.74036	0.18411	1.74036	0.28056	1.74036	0.32979	1.74036	0.36002	
1.74819	-13.93571	1.74819	-13.90307	1.74819	-13.85931	1.74819	-13.79883	1.74819	-13.69708	1.74819	-0.10639	1.74819	0.17804	1.74819	0.27428	1.74819	0.32338	1.74819	0.35356	
1.76343	-14.00647	1.76343	-13.96943	1.76343	-13.91649	1.76343	-13.83516	1.76343	-13.68835	1.76343	-0.21480	1.76343	0.12209	1.76343	0.24204	1.76343	0.30418	1.76343	0.34278	
1.77815	-14.09394	1.77815	-14.05363	1.77815	-13.99322	1.77815	-13.89378	1.77815	-13.70403	1.77815	-0.14290	1.77815	0.22452	1.77815	0.35635	1.77815	0.42708	1.77815	0.47195	
1.78533	-14.00337	1.78533	-13.98210	1.78533	-13.95074	1.78533	-13.89988	1.78533	-13.79717	1.78533	-0.14714	1.78533	0.21906	1.78533	0.34998	1.78533	0.42012	1.78533	0.46462	
1.79934	-14.42564	1.79934	-14.38091	1.79934	-14.30816	1.79934	-14.17562	1.79934	-13.90462	1.79934	-0.16594	1.79934	0.16617	1.79934	0.28028	1.79934	0.33959	1.79934	0.37671	
1.81291	-14.52895	1.81291	-14.48502	1.81291	-14.41492	1.81291	-14.29116	1.81291	-14.04374	1.81291	-0.15863	1.81291	0.16878	1.81291	0.27845	1.81291	0.33368	1.81291	0.36712	
1.82607	-14.48103	1.82607	-14.43748	1.82607	-14.36787	1.82607	-14.24065	1.82607	-13.95128	1.82607	-0.08801	1.82607	0.24391	1.82607	0.35784	1.82607	0.41700	1.82607	0.45399	
1.83885	-14.37105	1.83885	-14.33972	1.83885	-14.28897	1.83885	-14.19383	1.83885	-13.97348	1.83885	-0.04839	1.83885	0.28377	1.83885	0.39792	1.83885	0.45727	1.83885	0.49442	
1.85126	-13.94765	1.85126	-13.92409	1.85126	-13.88943	1.85126	-13.83108	1.85126	-13.70170	1.85126	0.02745	1.85126	0.33267	1.85126	0.43705	1.85126	0.49104	1.85126	0.52470	
1.86332	-14.51931	1.86332	-14.47707	1.86332	-14.40683	1.86332	-14.26932	1.86332	-13.93232	1.86332	0.04171	1.86332	0.34564	1.86332	0.44881	1.86332	0.50170	1.86332	0.53438	
1.88081	-14.42434	1.88081	-14.38214	1.88081	-14.31223	1.88081	-14.17698	1.88081	-13.84864	1.88081	0.04867	1.88081	0.35155	1.88081	0.45370	1.88081	0.50564	1.88081	0.53746	
1.89209	-14.07253	1.89209	-14.03101	1.89209	-13.96461	1.89209	-13.84914	1.89209	-13.63048	1.89209	0.04614	1.89209	0.34882	1.89209	0.45079	1.89209	0.50255	1.89209	0.53420	
1.90309	-13.66431	1.90309	-13.64338	1.90309	-13.61558	1.90309	-13.57264	1.90309	-13.47125	1.90309	0.09744	1.90309	0.37126	1.90309	0.46369	1.90309	0.51075	1.90309	0.53961	
1.91908	-13.72317	1.91908	-13.68663	1.91908	-13.63072	1.91908	-13.53851	1.91908	-13.35604	1.91908	0.08226	1.91908	0.35687	1.91908	0.45007	1.91908	0.49784	1.91908	0.52737	
1.92942	-14.13391	1.92942	-14.09635	1.92942	-14.03654	1.92942	-13.92856	1.92942	-13.68253	1.92942	0.07044	1.92942	0.34598	1.92942	0.44005	1.92942	0.48862	1.92942	0.51888	
1.94448	-14.11746	1.94448	-14.08002	1.94448	-14.02086	1.94448	-13.91763	1.94448	-13.70610	1.94448	0.05325	1.94448	0.33056	1.94448	0.42626	1.94448	0.47629	1.94448	0.50780	
1.95424	-13.75430	1.95424	-13.72212	1.95424	-13.67530	1.95424	-13.60080	1.95424	-13.44819	1.95424	0.11082	1.95424	0.35578	1.95424	0.44134	1.95424	0.48666	1.95424	0.51554	
1.96848	-13.86887	1.96848	-13.84030	1.96848	-13.79915	1.96848	-13.73382	1.96848	-13.59009	1.96848	0.10199	1.96848	0.34791	1.96848	0.43431	1.96848	0.48035	1.96848	0.50979	
1.98227	-13.77419	1.98227	-13.73928	1.98227	-13.68142	1.98227	-13.57010	1.98227	-13.30441	1.98227	0.09985	1.98227	0.34551	1.98227	0.43168	1.98227	0.47752	1.98227	0.50681	
1.99564	-13.38029	1.99564	-13.35475	1.99564	-13.31905	1.99564	-13.26264	1.99564	-13.13139	1.99564	0.10204	1.99564	0.34667	1.99564	0.43193	1.99564	0.47700	1.99564	0.50567	
2.00860	-13.52655	2.00860	-13.49296	2.00860	-13.44014	2.00860	-13.34852	2.00860	-13.15270	2.00860	0.10419	2.00860	0.34781	2.00860	0.43216	2.00860	0.47645	2.00860	0.50447	
2.02119	-13.40618	2.02119	-13.37472	2.02119	-13.32819	2.02119	-13.25587	2.02119	-13.12780	2.02119	0.18198	2.02119	0.38553	2.02119	0.45625	2.02119	0.49355	2.02119	0.51728	
2.03342	-13.76512	2.03342	-13.73969	2.03342	-13.70281	2.03342	-13.64490	2.03342	-13.53655	2.03342	0.17253	2.03342	0.37703	2.03342	0.44861	2.03342	0.48667	2.03342	0.51104	
2.04532	-14.19681	2.04532	-14.16722	2.04532	-14.12451	2.04532	-14.05762	2.04532	-13.92391	2.04532	0.14644	2.04532	0.35583	2.04532	0.43165	2.04532	0.47316	2.04532	0.50022	
2.05690	-13.80178	2.05690	-13.77592	2.05690	-13.73762	2.05690	-13.67614	2.05690	-13.55509	2.05690	0.07655	2.05690	0.31120	2.05690	0.40395	2.05690	0.45574	2.05690	0.48873	
2.07188	-13.78742	2.07188	-13.76048	2.07188	-13.72099	2.07188	-13.66037	2.07188	-13.54848	2.07188	-0.04931	2.07188	0.30018	2.07188	0.41667	2.07188	0.47492	2.07188	0.50987	
2.08279	-13.57050	2.08279	-13.54569	2.08279	-13.50945	2.08279	-13.45198	2.08279	-13.33832	2.08279	-0.02678	2.08279	0.32271	2.08279	0.43920	2.08279	0.49745	2.08279	0.53240	
2.09691	-13.85181	2.09691	-13.83505	2.09691	-13.80826	2.09691	-13.75725	2.09691	-13.62468	2.09691	-0.01783	2.09691	0.33166	2.09691	0.44815	2.09691	0.50640	2.09691	0.54135	
2.11059	-13.71789	2.11059	-13.69699	2.11059	-13.66563	2.11059	-13.61148	2.11059	-13.48923	2.11059	0.07738	2.11059	0.37841	2.11059	0.47876	2.11059	0.52893	2.11059	0.55903	
2.12385	-13.54122	2.12385	-13.51954	2.12385	-13.49009	2.12385	-13.44679	2.12385	-13.35964	2.12385	0.07172	2.12385	0.37275	2.12385	0.47309	2.12385	0.52327	2.12385	0.55337	
2.13672	-13.90706	2.13672	-13.89283	2.13672	-13.87151	2.13672	-13.83559	2.13672	-13.75247	2.13672	0.06535	2.13672	0.36638	2.13672	0.46672	2.13672	0.51690	2.13672	0.54700	
2.14922	-13.56181	2.14922	-13.53834	2.14922	-13.50061	2.14922	-13.43275	2.14922	-13.28031	2.14922	0.05984	2.14922	0.36087	2.14922	0.46121	2.14922	0.51139	2.14922	0.54149	
2.16137	-13.58109	2.16137	-13.56061	2.16137	-13.53032	2.16137	-13.48046	2.16137	-13.36686	2.16137	0.05580	2.16137	0.35683	2.16137	0.45717	2.16137	0.50735	2.16137	0.53745	
2.17319	-14.02063	2.17319	-13.99683	2.17319	-13.95757	2.17319	-13.88280	2.17319	-13.70240	2.17319	0.05328	2.17319	0.35431	2.17319	0.45466	2.17319	0.50483	2.17319	0.53493	
2.18752	-13.49386	2.18752	-13.47540	2.18752	-13.44866	2.18752	-13.40462	2.18752	-13.29952	2.18752	0.05190	2.18752	0.35293	2.18752	0.45327	2.18752	0.50344	2.18752	0.53355	
2.19866	-13.72945	2.19866	-13.70602	2.19866	-13.66841	2.19866	-13.60102	2.19866	-13.45001	2.19866	0.17671	2.19866	0.41527	2.19866	0.49479	2.19866	0.53455	2.19866	0.55841	
2.21219	-13.92733	2.21219	-13.90348	2.21219	-13.86375	2.21219	-13.78492	2.21219	-13.57000	2.21219	0.17719	2.21219	0.41575	2.21219	0.49527	2.21219	0.53503	2.21219	0.55889	
2.22531	-13.70727	2.22531	-13.68366	2.22531	-13.64536	2.22531	-13.57535	2.22531	-13.41572	2.22531	0.17785	2.22531	0.41641	2.22531	0.49593	2.22531	0.53569	2.22531	0.55954	
2.23805	-13.26563	2.23805	-13.24545	2.23805	-13.21573	2.23805	-13.16686	2.23805	-13.05481	2.23805	0.17827	2.23805	0.41683	2.23805	0.49635	2.23805	0.53611	2.23805	0.55996	
2.25042	-13.43613	2.25042	-13.42384	2.25042	-13.40542	2.25042	-13.37213	2.25042	-13.27999	2.25042	0.17819	2.25042	0.41675	2.25042	0.49627	2.25042	0.53603	2.25042	0.55989	
2.26482	-13.41838	2.26482	-13.39962	2.26482	-13.37239	2.26482	-13.32761	2.26482	-13.22149	2.26482	0.17726	2.26482	0.41582	2.26482	0.49534	2.26482	0.53510	2.26482	0.55895	
2.27646	-13.38444	2.27646	-13.36939	2.27646	-13.34431	2.27646	-13.29414	2.27646	-13.14362	2.27646	0.17572	2.27646	0.41428	2.27646	0.49380	2.27646	0.53356	2.27646	0.55742	
2.29003	-13.10959	2.29003	-13.09454	2.29003	-13.06945	2.29003	-13.01928	2.29003	-12.86876	2.29003	0.17299	2.29003	0.41155	2.29003	0.49107	2.29003	0.53083	2.29003	0.55469	
2.30320	-13.33654	2.30320	-13.32149	2.30320	-13.29641	2.30320	-13.24623	2.30320	-13.09572	2.30320	0.16939	2.30320	0.40795	2.30320	0.48747	2.30320	0.52723	2.30320	0.55109	
2.31597	-13.14188	2.31597	-13.12682	2.31597	-13.10174	2.31597	-13.05157	2.31597	-12.90105	2.31597	0.16506	2.31597	0.40362	2.31597	0.48314	2.31597	0.52290	2.31597	0.54676	
2.32838	-14.04520	2.32838	-14.03015	2.32838	-14.00506	2.32838	-13.95489	2.32838	-13.80438	2.32838	0.33625	2.32838	0.48677	2.32838	0.53694	2.32838	0.56202	2.32838	0.57707	
2.34044	-13.76714	2.34044	-13.75209	2.34044	-13.72700	2.34044	-13.67683	2.34044	-13.52631	2.34044	0.33094	2.34044	0.48146	2.34044	0.53163	2.34044	0.55671	2.34044	0.57177	
2.35411	-13.19151	2.35411	-13.17646	2.35411	-13.15137	2.35411	-13.10120	2.35411	-12.95068	2.35411	0.32446	2.35411	0.47497	2.35411	0.52514	2.35411	0.55023	2.35411	0.56528	
2.36736	-12.87908	2.36736	-12.86403	2.36736	-12.83895	2.36736	-12.78877	2.36736	-12.63826	2.36736	0.31789	2.36736	0.46841	2.36736	0.51858	2.36736	0.54367	2.36736	0.55872	
2.38021	-12.97330	2.38021	-12.95824	2.38021	-12.93316	2.38021	-12.88299	2.38021	-12.73247	2.38021	0.31149	2.38021	0.46200	2.38021	0.51217	2.38021	0.53726	2.38021	0.55231	
2.39270	-12.90965	2.39270	-12.89460	2.39270	-12.86952	2.39270	-12.81934	2.39270	-12.66883	2.39270	0.30545	2.39270	0.45596	2.39270	0.50613	2.39270	0.53122	2.39270	0.54627	
2.40483	-13.41671	2.40483	-13.40165	2.40483	-13.37657	2.40483	-13.32640	2.40483	-13.17588	2.40483	0.29995	2.40483	0.45046	2.40483	0.50063	2.40483	0.52572	2.40483	0.54077	
2.41830	-13.77184	2.41830	-13.75679	2.41830	-13.73171	2.41830	-13.68154	2.41830	-13.53102	2.41830	0.29452	2.41830	0.44503	2.41830	0.49520	2.41830	0.52029	2.41830	0.53534	
2.43136	-13.94164	2.43136	-13.92659	2.43136	-13.90151	2.43136	-13.85133	2.43136	-13.70082	2.43136	0.29015	2.43136	0.44067	2.43136	0.49084	2.43136	0.51593	2.43136	0.53098	
2.44404	-13.76211	2.44404	-13.74706	2.44404	-13.72198	2.44404	-13.67180	2.44404	-13.52129	2.44404	0.28697	2.44404	0.43748	2.44404	0.48765	2.44404	0.51274	2.44404	0.52779	
2.45637	0.59154	2.45637	0.59154	2.45637	0.59154	2.45637	0.59154	2.45637	0.59154	2.45637	0.28501	2.45637	0.43553	2.45637	0.48570	2.45637	0.51078	2.45637	0.52584	
2.46982	0.59647	2.46982	0.59647	2.46982	0.59647	2.46982	0.59647	2.46982	0.59647	2.46982	0.28428	2.46982	0.43479	2.46982	0.48497	2.46982	0.51005	2.46982	0.52510	
2.48144	0.60243	2.48144	0.60243	2.48144	0.60243	2.48144	0.60243	2.48144	0.60243	2.48144	0.28488	2.48144	0.43540	2.48144	0.48557	2.48144	0.51066	2.48144	0.52571	
2.49554	0.60919	2.49554	0.60919	2.49554	0.60919	2.49554	0.60919	2.49554	0.60919	2.49554	0.28717	2.49554	0.43768	2.49554	0.48785	2.49554	0.51294	2.49554	0.52799	
2.50786	0.61653	2.50786	0.61653	2.50786	0.61653	2.50786	0.61653	2.50786	0.61653	2.50786	0.59154	2.50786	0.59154	2.50786	0.59154	2.50786	0.59154	2.50786	0.59154	
2.52114	0.62504	2.52114	0.62504	2.52114	0.62504	2.52114	0.62504	2.52114	0.62504	2.52114	0.59647	2.52114	0.59647	2.52114	0.59647	2.52114	0.59647	2.52114	0.59647	
2.53403	0.63381	2.53403	0.63381	2.53403	0.63381	2.53403	0.63381	2.53403	0.63381	2.53403	0.60243	2.53403	0.60243	2.53403	0.60243	2.53403	0.60243	2.53403	0.60243	
2.54654	0.64347	2.54654	0.64347	2.54654	0.64347	2.54654	0.64347	2.54654	0.64347	2.54654	0.60919	2.54654	0.60919	2.54654	0.60919	2.54654	0.60919	2.54654	0.60919	
2.55871	0.65307	2.55871	0.65307	2.55871	0.65307	2.55871	0.65307	2.55871	0.65307	2.55871	0.61653	2.55871	0.61653	2.55871	0.61653	2.55871	0.61653	2.55871	0.61653	
2.57171	0.66248	2.57171	0.66248	2.57171	0.66248	2.57171	0.66248	2.57171	0.66248	2.57171	0.62504	2.57171	0.62504	2.57171	0.62504	2.57171	0.62504	2.57171	0.62504	
2.58433	0.67236	2.58433	0.67236	2.58433	0.67236	2.58433	0.67236	2.58433	0.67236	2.58433	0.63381	2.58433	0.63381	2.58433	0.63381	2.58433	0.63381	2.58433	0.63381	
2.59770	0.68184	2.59770	0.68184	2.59770	0.68184	2.59770	0.68184	2.59770	0.68184	2.59770	0.64347	2.59770	0.64347	2.59770	0.64347	2.59770	0.64347	2.59770	0.64347	
2.61066	0.69087	2.61066	0.69087	2.61066	0.69087	2.61066	0.69087	2.61066	0.69087	2.61066	0.65307	2.61066	0.65307	2.61066	0.65307	2.61066	0.65307	2.61066	0.65307	
2.62325	0.70008	2.62325	0.70008	2.62325	0.70008	2.62325	0.70008	2.62325	0.70008	2.62325	0.66248	2.62325	0.66248	2.62325	0.66248	2.62325	0.66248	2.62325	0.66248	
2.63649	0.70874	2.63649	0.70874	2.63649	0.70874	2.63649	0.70874	2.63649	0.70874	2.63649	0.67236	2.63649	0.67236	2.63649	0.67236	2.63649	0.67236	2.63649	0.67236	
2.64933	0.71740	2.64933	0.71740	2.64933	0.71740	2.64933	0.71740	2.64933	0.71740	2.64933	0.68184	2.64933	0.68184	2.64933	0.68184	2.64933	0.68184	2.64933	0.68184	
2.66181	0.72546	2.66181	0.72546	2.66181	0.72546	2.66181	0.72546	2.66181	0.72546	2.66181	0.69087	2.66181	0.69087	2.66181	0.69087	2.66181	0.69087	2.66181	0.69087	
2.67486	0.73294	2.67486	0.73294	2.67486	0.73294	2.67486	0.73294	2.67486	0.73294	2.67486	0.70008	2.67486	0.70008	2.67486	0.70008	2.67486	0.70008	2.67486	0.70008	
2.68753	0.74032	2.68753	0.74032	2.68753	0.74032	2.68753	0.74032	2.68753	0.74032	2.68753	0.70874	2.68753	0.70874	2.68753	0.70874	2.68753	0.70874	2.68753	0.70874	
2.70070	0.74710	2.70070	0.74710	2.70070	0.74710	2.70070	0.74710	2.70070	0.74710	2.70070	0.71740	2.70070	0.71740	2.70070	0.71740	2.70070	0.71740	2.70070	0.71740	
2.71349	0.75371	2.71349	0.75371	2.71349	0.75371	2.71349	0.75371	2.71349	0.75371	2.71349	0.72546	2.71349	0.72546	2.71349	0.72546	2.71349	0.72546	2.71349	0.72546	
2.72591	0.76009	2.72591	0.76009	2.72591	0.76009	2.72591	0.76009	2.72591	0.76009	2.72591	0.73294	2.72591	0.73294	2.72591	0.73294	2.72591	0.73294	2.72591	0.73294	
2.73878	-5.00000	2.73878	-5.00000	2.73878	-5.00000	2.73878	-5.00000	2.73878	-5.00000	2.73878	0.74032	2.73878	0.74032	2.73878	0.74032	2.73878	0.74032	2.73878	0.74032	
2.75128	-5.00000	2.75128	-5.00000	2.75128	-5.00000	2.75128	-5.00000	2.75128	-5.00000	2.75128	0.74710	2.75128	0.74710	2.75128	0.74710	2.75128	0.74710	2.75128	0.74710	
2.76418	-5.00000	2.76418	-5.00000	2.76418	-5.00000	2.76418	-5.00000	2.76418	-5.00000	2.76418	0.75371	2.76418	0.75371	2.76418	0.75371	2.76418	0.75371	2.76418	0.75371	
2.77743	-5.00000	2.77743	-5.00000	2.77743	-5.00000	2.77743	-5.00000	2.77743	-5.00000	2.77743	0.76009	2.77743	0.76009	2.77743	0.76009	2.77743	0.76009	2.77743	0.76009	
