# MesswertTabelle
#
# M e s s w e r t t a b e l l e  der Reihen:
#
# Nikkei 225_shuffled_1 (q=-5.0) [128,128] Werte
# Nikkei 225_shuffled_1 (q=-4.0) [128,128] Werte
# Nikkei 225_shuffled_1 (q=-3.0) [128,128] Werte
# Nikkei 225_shuffled_1 (q=-2.0) [128,128] Werte
# Nikkei 225_shuffled_1 (q=-1.0) [128,128] Werte
# Nikkei 225_shuffled_1 (q=1.0) [128,128] Werte
# Nikkei 225_shuffled_1 (q=2.0) [128,128] Werte
# Nikkei 225_shuffled_1 (q=3.0) [128,128] Werte
# Nikkei 225_shuffled_1 (q=4.0) [128,128] Werte
# Nikkei 225_shuffled_1 (q=5.0) [128,128] Werte
#
#
#s	F(s)	s	F(s)	s	F(s)	s	F(s)	s	F(s)	s	F(s)	s	F(s)	s	F(s)	s	F(s)	s	F(s)	
0.60206	-14.67713	0.60206	-14.58507	0.60206	-14.44447	0.60206	-14.20131	0.60206	-13.61923	0.60206	-0.48753	0.60206	-0.30827	0.60206	-0.15472	0.60206	-0.04319	0.60206	0.03361	
0.69897	-14.12363	0.69897	-14.01895	0.69897	-13.84526	0.69897	-13.50348	0.69897	-12.52710	0.69897	-0.33753	0.69897	-0.23442	0.69897	-0.12667	0.69897	-0.03316	0.69897	0.03797	
0.77815	-0.58236	0.77815	-0.53464	0.77815	-0.47988	0.77815	-0.42095	0.77815	-0.36129	0.77815	-0.23271	0.77815	-0.15189	0.77815	-0.06547	0.77815	0.01048	0.77815	0.06929	
0.84510	-0.48770	0.84510	-0.44774	0.84510	-0.40174	0.84510	-0.35257	0.84510	-0.30262	0.84510	-0.18547	0.84510	-0.10317	0.84510	-0.01255	0.84510	0.06692	0.84510	0.12803	
0.90309	-0.37942	0.90309	-0.34504	0.90309	-0.30740	0.90309	-0.26795	0.90309	-0.22704	0.90309	-0.12934	0.90309	-0.06595	0.90309	0.00110	0.90309	0.06095	0.90309	0.10863	
0.95424	-0.25136	0.95424	-0.23159	0.95424	-0.20856	0.95424	-0.18147	0.95424	-0.14889	0.95424	-0.05561	0.95424	0.00896	0.95424	0.07709	0.95424	0.13736	0.95424	0.18510	
1.00000	-0.22767	1.00000	-0.20748	1.00000	-0.18604	1.00000	-0.16275	1.00000	-0.13654	1.00000	-0.06987	1.00000	-0.02881	1.00000	0.01403	1.00000	0.05430	1.00000	0.08917	
1.04139	-0.17622	1.04139	-0.16481	1.04139	-0.15105	1.04139	-0.13399	1.04139	-0.11215	1.04139	-0.04502	1.04139	0.00303	1.04139	0.05606	1.04139	0.10636	1.04139	0.14907	
1.07918	-0.17531	1.07918	-0.15697	1.07918	-0.13578	1.07918	-0.11085	1.07918	-0.08073	1.07918	0.00431	1.07918	0.06185	1.07918	0.12348	1.07918	0.18034	1.07918	0.22750	
1.11394	-0.13117	1.11394	-0.11944	1.11394	-0.10540	1.11394	-0.08779	1.11394	-0.06441	1.11394	0.01210	1.11394	0.06588	1.11394	0.12054	1.11394	0.16770	1.11394	0.20486	
1.14613	-0.11210	1.14613	-0.09640	1.14613	-0.07780	1.14613	-0.05534	1.14613	-0.02752	1.14613	0.05158	1.14613	0.10222	1.14613	0.15336	1.14613	0.19873	1.14613	0.23587	
1.17609	-0.13148	1.17609	-0.11014	1.17609	-0.08651	1.17609	-0.05988	1.17609	-0.02899	1.17609	0.05123	1.17609	0.09934	1.17609	0.14715	1.17609	0.18991	1.17609	0.22565	
1.20412	-0.08756	1.20412	-0.07149	1.20412	-0.05271	1.20412	-0.03052	1.20412	-0.00403	1.20412	0.06442	1.20412	0.10456	1.20412	0.14433	1.20412	0.18017	1.20412	0.21041	
1.23045	-0.10052	1.23045	-0.07870	1.23045	-0.05512	1.23045	-0.02977	1.23045	-0.00233	1.23045	0.06075	1.23045	0.09618	1.23045	0.13232	1.23045	0.16692	1.23045	0.19819	
1.25527	-0.05600	1.25527	-0.03426	1.25527	-0.01136	1.25527	0.01294	1.25527	0.03921	1.25527	0.09832	1.25527	0.12904	1.25527	0.15777	1.25527	0.18291	1.25527	0.20396	
1.27875	-0.04152	1.27875	-0.02825	1.27875	-0.01207	1.27875	0.00808	1.27875	0.03341	1.27875	0.10083	1.27875	0.13886	1.27875	0.17465	1.27875	0.20555	1.27875	0.23096	
1.30103	-0.00432	1.30103	0.00937	1.30103	0.02427	1.30103	0.04071	1.30103	0.05918	1.30103	0.10441	1.30103	0.13127	1.30103	0.15955	1.30103	0.18730	1.30103	0.21279	
1.32222	-0.03158	1.32222	-0.01682	1.32222	0.00047	1.32222	0.02098	1.32222	0.04546	1.32222	0.10703	1.32222	0.14154	1.32222	0.17500	1.32222	0.20506	1.32222	0.23068	
1.34242	-0.00903	1.34242	0.00884	1.34242	0.02815	1.34242	0.04934	1.34242	0.07302	1.34242	0.12882	1.34242	0.15920	1.34242	0.18858	1.34242	0.21511	1.34242	0.23790	
1.36173	-0.01725	1.36173	0.00155	1.36173	0.02364	1.36173	0.04968	1.36173	0.08033	1.36173	0.15417	1.36173	0.19304	1.36173	0.22896	1.36173	0.25995	1.36173	0.28564	
1.38021	-0.00543	1.38021	0.01762	1.38021	0.04278	1.38021	0.07004	1.38021	0.09937	1.38021	0.16231	1.38021	0.19340	1.38021	0.22206	1.38021	0.24723	1.38021	0.26859	
1.39794	-0.02545	1.39794	0.00096	1.39794	0.02933	1.39794	0.05914	1.39794	0.09032	1.39794	0.15861	1.39794	0.19538	1.39794	0.23166	1.39794	0.26515	1.39794	0.29445	
1.41497	0.04241	1.41497	0.05593	1.41497	0.07283	1.41497	0.09413	1.41497	0.12067	1.41497	0.18720	1.41497	0.22188	1.41497	0.25332	1.41497	0.28010	1.41497	0.30226	
1.43136	0.04048	1.43136	0.06351	1.43136	0.08826	1.43136	0.11405	1.43136	0.14020	1.43136	0.19149	1.43136	0.21585	1.43136	0.23886	1.43136	0.26017	1.43136	0.27953	
1.44716	0.07786	1.44716	0.09227	1.44716	0.10877	1.44716	0.12749	1.44716	0.14844	1.44716	0.19573	1.44716	0.22041	1.44716	0.24419	1.44716	0.26604	1.44716	0.28540	
1.46240	0.06000	1.46240	0.07555	1.46240	0.09309	1.46240	0.11263	1.46240	0.13392	1.46240	0.17882	1.46240	0.20031	1.46240	0.21991	1.46240	0.23714	1.46240	0.25193	
1.47712	0.08327	1.47712	0.09574	1.47712	0.11096	1.47712	0.12946	1.47712	0.15159	1.47712	0.20541	1.47712	0.23465	1.47712	0.26317	1.47712	0.28962	1.47712	0.31328	
1.49136	0.09272	1.49136	0.10740	1.49136	0.12477	1.49136	0.14529	1.49136	0.16930	1.49136	0.22640	1.49136	0.25662	1.49136	0.28518	1.49136	0.31059	1.49136	0.33227	
1.50515	0.10034	1.50515	0.12269	1.50515	0.14698	1.50515	0.17276	1.50515	0.19960	1.50515	0.25553	1.50515	0.28391	1.50515	0.31147	1.50515	0.33709	1.50515	0.35991	
1.51851	0.08232	1.51851	0.10212	1.51851	0.12502	1.51851	0.15134	1.51851	0.18107	1.51851	0.24686	1.51851	0.27913	1.51851	0.30846	1.51851	0.33392	1.51851	0.35544	
1.53148	0.08042	1.53148	0.10012	1.53148	0.12221	1.53148	0.14648	1.53148	0.17255	1.53148	0.22815	1.53148	0.25656	1.53148	0.28445	1.53148	0.31095	1.53148	0.33527	
1.54407	0.08367	1.54407	0.10653	1.54407	0.13161	1.54407	0.15908	1.54407	0.18941	1.54407	0.25920	1.54407	0.29606	1.54407	0.33082	1.54407	0.36146	1.54407	0.38735	
1.55630	0.08727	1.55630	0.11594	1.55630	0.14534	1.55630	0.17359	1.55630	0.20014	1.55630	0.25280	1.55630	0.28141	1.55630	0.31116	1.55630	0.34015	1.55630	0.36649	
1.56820	0.06732	1.56820	0.09572	1.56820	0.12734	1.56820	0.16059	1.56820	0.19345	1.56820	0.25284	1.56820	0.27882	1.56820	0.30253	1.56820	0.32408	1.56820	0.34347	
1.57978	0.12811	1.57978	0.14798	1.57978	0.16956	1.57978	0.19226	1.57978	0.21536	1.57978	0.26025	1.57978	0.28110	1.57978	0.30043	1.57978	0.31804	1.57978	0.33384	
1.59106	0.17016	1.59106	0.18216	1.59106	0.19620	1.59106	0.21287	1.59106	0.23284	1.59106	0.28394	1.59106	0.31339	1.59106	0.34257	1.59106	0.36925	1.59106	0.39225	
1.61278	0.17313	1.61278	0.18536	1.61278	0.19903	1.61278	0.21399	1.61278	0.22989	1.61278	0.26224	1.61278	0.27748	1.61278	0.29150	1.61278	0.30409	1.61278	0.31521	
1.62325	0.18371	1.62325	0.19656	1.62325	0.21094	1.62325	0.22754	1.62325	0.24745	1.62325	0.30184	1.62325	0.33585	1.62325	0.37058	1.62325	0.40227	1.62325	0.42895	
1.63347	0.23994	1.63347	0.24604	1.63347	0.25336	1.63347	0.26228	1.63347	0.27321	1.63347	0.30217	1.63347	0.31990	1.63347	0.33870	1.63347	0.35737	1.63347	0.37485	
1.64345	0.20479	1.64345	0.21566	1.64345	0.22886	1.64345	0.24522	1.64345	0.26577	1.64345	0.32195	1.64345	0.35579	1.64345	0.38980	1.64345	0.42109	1.64345	0.44816	
1.66276	0.22980	1.66276	0.23930	1.66276	0.25093	1.66276	0.26540	1.66276	0.28344	1.66276	0.33090	1.66276	0.35805	1.66276	0.38449	1.66276	0.40834	1.66276	0.42878	
1.67210	0.19418	1.67210	0.20754	1.67210	0.22322	1.67210	0.24172	1.67210	0.26361	1.67210	0.31916	1.67210	0.35148	1.67210	0.38393	1.67210	0.41395	1.67210	0.44007	
1.69020	0.24299	1.69020	0.25259	1.69020	0.26444	1.69020	0.27936	1.69020	0.29837	1.69020	0.35103	1.69020	0.38279	1.69020	0.41447	1.69020	0.44325	1.69020	0.46785	
1.69897	0.24296	1.69897	0.25075	1.69897	0.26060	1.69897	0.27331	1.69897	0.28982	1.69897	0.33684	1.69897	0.36595	1.69897	0.39554	1.69897	0.42291	1.69897	0.44658	
1.71600	0.26412	1.71600	0.27180	1.71600	0.28076	1.71600	0.29116	1.71600	0.30312	1.71600	0.33118	1.71600	0.34640	1.71600	0.36154	1.71600	0.37596	1.71600	0.38922	
1.72428	0.28282	1.72428	0.28857	1.72428	0.29553	1.72428	0.30413	1.72428	0.31501	1.72428	0.34709	1.72428	0.36956	1.72428	0.39556	1.72428	0.42285	1.72428	0.44882	
1.74036	0.25717	1.74036	0.26516	1.74036	0.27564	1.74036	0.28978	1.74036	0.30909	1.74036	0.36666	1.74036	0.40157	1.74036	0.43498	1.74036	0.46362	1.74036	0.48667	
1.74819	0.25006	1.74819	0.25879	1.74819	0.27018	1.74819	0.28550	1.74819	0.30645	1.74819	0.36941	1.74819	0.40778	1.74819	0.44444	1.74819	0.47585	1.74819	0.50122	
1.76343	0.26693	1.76343	0.28102	1.76343	0.29720	1.76343	0.31536	1.76343	0.33491	1.76343	0.37382	1.76343	0.39091	1.76343	0.40558	1.76343	0.41781	1.76343	0.42785	
1.77815	0.26001	1.77815	0.26971	1.77815	0.28191	1.77815	0.29742	1.77815	0.31702	1.77815	0.36781	1.77815	0.39544	1.77815	0.42106	1.77815	0.44304	1.77815	0.46105	
1.78533	0.25274	1.78533	0.26284	1.78533	0.27577	1.78533	0.29267	1.78533	0.31480	1.78533	0.37528	1.78533	0.40880	1.78533	0.43939	1.78533	0.46489	1.78533	0.48516	
1.79934	0.27438	1.79934	0.28440	1.79934	0.29701	1.79934	0.31309	1.79934	0.33349	1.79934	0.38635	1.79934	0.41474	1.79934	0.44067	1.79934	0.46258	1.79934	0.48029	
1.81291	0.30841	1.81291	0.31522	1.81291	0.32387	1.81291	0.33507	1.81291	0.34967	1.81291	0.39182	1.81291	0.41870	1.81291	0.44688	1.81291	0.47375	1.81291	0.49755	
1.82607	0.31686	1.82607	0.32340	1.82607	0.33125	1.82607	0.34068	1.82607	0.35188	1.82607	0.37940	1.82607	0.39483	1.82607	0.41031	1.82607	0.42503	1.82607	0.43842	
1.83885	0.34265	1.83885	0.35107	1.83885	0.36101	1.83885	0.37268	1.83885	0.38612	1.83885	0.41717	1.83885	0.43343	1.83885	0.44908	1.83885	0.46345	1.83885	0.47620	
1.85126	0.30966	1.85126	0.31934	1.85126	0.33098	1.85126	0.34522	1.85126	0.36271	1.85126	0.40788	1.85126	0.43335	1.85126	0.45794	1.85126	0.47987	1.85126	0.49839	
1.86332	0.31131	1.86332	0.32233	1.86332	0.33442	1.86332	0.34760	1.86332	0.36190	1.86332	0.39336	1.86332	0.40993	1.86332	0.42638	1.86332	0.44217	1.86332	0.45683	
1.88081	0.32830	1.88081	0.33763	1.88081	0.34878	1.88081	0.36223	1.88081	0.37843	1.88081	0.41947	1.88081	0.44302	1.88081	0.46665	1.88081	0.48884	1.88081	0.50860	
1.89209	0.28782	1.89209	0.30508	1.89209	0.32587	1.89209	0.35059	1.89209	0.37887	1.89209	0.43812	1.89209	0.46387	1.89209	0.48515	1.89209	0.50213	1.89209	0.51556	
1.90309	0.32535	1.90309	0.33926	1.90309	0.35570	1.90309	0.37490	1.90309	0.39662	1.90309	0.44310	1.90309	0.46453	1.90309	0.48313	1.90309	0.49858	1.90309	0.51115	
1.91908	0.38759	1.91908	0.39635	1.91908	0.40668	1.91908	0.41867	1.91908	0.43217	1.91908	0.46177	1.91908	0.47642	1.91908	0.49003	1.91908	0.50223	1.91908	0.51288	
1.92942	0.35769	1.92942	0.36350	1.92942	0.37032	1.92942	0.37825	1.92942	0.38733	1.92942	0.40841	1.92942	0.41979	1.92942	0.43117	1.92942	0.44211	1.92942	0.45231	
1.94448	0.32126	1.94448	0.33283	1.94448	0.34558	1.94448	0.35939	1.94448	0.37405	1.94448	0.40453	1.94448	0.41954	1.94448	0.43391	1.94448	0.44733	1.94448	0.45964	
1.95424	0.33452	1.95424	0.34703	1.95424	0.36212	1.95424	0.38018	1.95424	0.40116	1.95424	0.44790	1.95424	0.47024	1.95424	0.48998	1.95424	0.50660	1.95424	0.52027	
1.96848	0.35025	1.96848	0.36126	1.96848	0.37461	1.96848	0.39066	1.96848	0.40945	1.96848	0.45229	1.96848	0.47346	1.96848	0.49260	1.96848	0.50908	1.96848	0.52285	
1.98227	0.37442	1.98227	0.39003	1.98227	0.40757	1.98227	0.42654	1.98227	0.44605	1.98227	0.48249	1.98227	0.49797	1.98227	0.51128	1.98227	0.52256	1.98227	0.53206	
1.99564	0.37806	1.99564	0.39468	1.99564	0.41346	1.99564	0.43379	1.99564	0.45458	1.99564	0.49268	1.99564	0.50842	1.99564	0.52174	1.99564	0.53287	1.99564	0.54216	
2.00860	0.41376	2.00860	0.42320	2.00860	0.43347	2.00860	0.44440	2.00860	0.45573	2.00860	0.47816	2.00860	0.48859	2.00860	0.49819	2.00860	0.50686	2.00860	0.51459	
2.02119	0.40504	2.02119	0.40863	2.02119	0.41272	2.02119	0.41738	2.02119	0.42267	2.02119	0.43529	2.02119	0.44251	2.02119	0.45016	2.02119	0.45804	2.02119	0.46589	
2.03342	0.40638	2.03342	0.41241	2.03342	0.41926	2.03342	0.42693	2.03342	0.43535	2.03342	0.45354	2.03342	0.46270	2.03342	0.47146	2.03342	0.47956	2.03342	0.48686	
2.04532	0.45073	2.04532	0.45637	2.04532	0.46265	2.04532	0.46961	2.04532	0.47720	2.04532	0.49391	2.04532	0.50264	2.04532	0.51131	2.04532	0.51968	2.04532	0.52758	
2.05690	0.46035	2.05690	0.46805	2.05690	0.47671	2.05690	0.48646	2.05690	0.49736	2.05690	0.52234	2.05690	0.53585	2.05690	0.54940	2.05690	0.56244	2.05690	0.57456	
2.07188	0.43338	2.07188	0.44222	2.07188	0.45259	2.07188	0.46445	2.07188	0.47756	2.07188	0.50537	2.07188	0.51869	2.07188	0.53085	2.07188	0.54161	2.07188	0.55093	
2.08279	0.41472	2.08279	0.42424	2.08279	0.43533	2.08279	0.44789	2.08279	0.46156	2.08279	0.48954	2.08279	0.50238	2.08279	0.51379	2.08279	0.52362	2.08279	0.53193	
2.09691	0.41197	2.09691	0.42098	2.09691	0.43144	2.09691	0.44330	2.09691	0.45633	2.09691	0.48374	2.09691	0.49688	2.09691	0.50897	2.09691	0.51977	2.09691	0.52925	
2.11059	0.44138	2.11059	0.45045	2.11059	0.46013	2.11059	0.47018	2.11059	0.48030	2.11059	0.49964	2.11059	0.50844	2.11059	0.51652	2.11059	0.52387	2.11059	0.53051	
2.12385	0.45616	2.12385	0.46628	2.12385	0.47722	2.12385	0.48865	2.12385	0.50020	2.12385	0.52206	2.12385	0.53181	2.12385	0.54061	2.12385	0.54847	2.12385	0.55545	
2.13672	0.46529	2.13672	0.47403	2.13672	0.48316	2.13672	0.49241	2.13672	0.50146	2.13672	0.51792	2.13672	0.52505	2.13672	0.53139	2.13672	0.53700	2.13672	0.54196	
2.14922	0.46281	2.14922	0.46954	2.14922	0.47632	2.14922	0.48296	2.14922	0.48926	2.14922	0.50036	2.14922	0.50504	2.14922	0.50915	2.14922	0.51273	2.14922	0.51584	
2.16137	0.46850	2.16137	0.47617	2.16137	0.48389	2.16137	0.49138	2.16137	0.49841	2.16137	0.51038	2.16137	0.51521	2.16137	0.51930	2.16137	0.52274	2.16137	0.52561	
2.17319	0.47063	2.17319	0.48093	2.17319	0.49186	2.17319	0.50300	2.17319	0.51388	2.17319	0.53334	2.17319	0.54152	2.17319	0.54865	2.17319	0.55482	2.17319	0.56018	
2.18752	0.47318	2.18752	0.48692	2.18752	0.50285	2.18752	0.52088	2.18752	0.54063	2.18752	0.58225	2.18752	0.60221	2.18752	0.62051	2.18752	0.63671	2.18752	0.65070	
2.19866	0.46464	2.19866	0.47787	2.19866	0.49475	2.19866	0.51622	2.19866	0.54283	2.19866	0.60655	2.19866	0.63737	2.19866	0.66368	2.19866	0.68478	2.19866	0.70121	
2.21219	0.48166	2.21219	0.49075	2.21219	0.50261	2.21219	0.51828	2.21219	0.53871	2.21219	0.59283	2.21219	0.62180	2.21219	0.64782	2.21219	0.66931	2.21219	0.68625	
2.22531	0.49013	2.22531	0.49684	2.22531	0.50508	2.22531	0.51513	2.22531	0.52718	2.22531	0.55642	2.22531	0.57219	2.22531	0.58741	2.22531	0.60125	2.22531	0.61331	
2.23805	0.48677	2.23805	0.49146	2.23805	0.49680	2.23805	0.50282	2.23805	0.50952	2.23805	0.52453	2.23805	0.53245	2.23805	0.54033	2.23805	0.54793	2.23805	0.55504	
2.25042	0.48555	2.25042	0.49015	2.25042	0.49530	2.25042	0.50102	2.25042	0.50727	2.25042	0.52100	2.25042	0.52816	2.25042	0.53525	2.25042	0.54209	2.25042	0.54853	
2.26482	0.52095	2.26482	0.52666	2.26482	0.53343	2.26482	0.54139	2.26482	0.55059	2.26482	0.57208	2.26482	0.58359	2.26482	0.59492	2.26482	0.60556	2.26482	0.61520	
2.27646	0.55277	2.27646	0.55764	2.27646	0.56292	2.27646	0.56857	2.27646	0.57453	2.27646	0.58689	2.27646	0.59304	2.27646	0.59901	2.27646	0.60468	2.27646	0.60998	
2.29003	0.57847	2.29003	0.58693	2.29003	0.59613	2.29003	0.60578	2.29003	0.61553	2.29003	0.63383	2.29003	0.64181	2.29003	0.64884	2.29003	0.65493	2.29003	0.66016	
2.30320	0.59642	2.30320	0.60593	2.30320	0.61670	2.30320	0.62855	2.30320	0.64112	2.30320	0.66626	2.30320	0.67780	2.30320	0.68819	2.30320	0.69732	2.30320	0.70524	
2.31597	0.63551	2.31597	0.63960	2.31597	0.64444	2.31597	0.65014	2.31597	0.65672	2.31597	0.67224	2.31597	0.68077	2.31597	0.68940	2.31597	0.69780	2.31597	0.70569	
2.32838	0.69771	2.32838	0.70431	2.32838	0.71189	2.32838	0.72040	2.32838	0.72965	2.32838	0.74897	2.32838	0.75822	2.32838	0.76673	2.32838	0.77432	2.32838	0.78092	
2.34044	0.70461	2.34044	0.71093	2.34044	0.71815	2.34044	0.72620	2.34044	0.73491	2.34044	0.75304	2.34044	0.76175	2.34044	0.76980	2.34044	0.77702	2.34044	0.78334	
2.35411	0.69534	2.35411	0.69966	2.35411	0.70437	2.35411	0.70941	2.35411	0.71471	2.35411	0.72556	2.35411	0.73085	2.35411	0.73590	2.35411	0.74061	2.35411	0.74493	
2.36736	0.68502	2.36736	0.68810	2.36736	0.69138	2.36736	0.69481	2.36736	0.69836	2.36736	0.70557	2.36736	0.70912	2.36736	0.71255	2.36736	0.71583	2.36736	0.71892	
2.38021	0.68959	2.38021	0.69303	2.38021	0.69672	2.38021	0.70060	2.38021	0.70464	2.38021	0.71285	2.38021	0.71689	2.38021	0.72077	2.38021	0.72446	2.38021	0.72791	
2.39270	0.69713	2.39270	0.70158	2.39270	0.70644	2.39270	0.71166	2.39270	0.71715	2.39270	0.72841	2.39270	0.73390	2.39270	0.73912	2.39270	0.74398	2.39270	0.74843	
2.40483	0.69866	2.40483	0.70462	2.40483	0.71136	2.40483	0.71882	2.40483	0.72684	2.40483	0.74349	2.40483	0.75150	2.40483	0.75896	2.40483	0.76571	2.40483	0.77166	
2.41830	0.69788	2.41830	0.70674	2.41830	0.71755	2.41830	0.73039	2.41830	0.74500	2.41830	0.77634	2.41830	0.79095	2.41830	0.80379	2.41830	0.81460	2.41830	0.82346	
2.43136	0.69307	2.43136	0.70191	2.43136	0.71269	2.43136	0.72549	2.43136	0.74005	2.43136	0.77127	2.43136	0.78584	2.43136	0.79864	2.43136	0.80942	2.43136	0.81826	
2.44404	0.69107	2.44404	0.69946	2.44404	0.70955	2.44404	0.72140	2.44404	0.73472	2.44404	0.76312	2.44404	0.77645	2.44404	0.78829	2.44404	0.79839	2.44404	0.80677	
2.45637	0.70466	2.45637	0.71168	2.45637	0.71984	2.45637	0.72909	2.45637	0.73921	2.45637	0.76044	2.45637	0.77056	2.45637	0.77981	2.45637	0.78797	2.45637	0.79500	
2.46982	0.72434	2.46982	0.72932	2.46982	0.73483	2.46982	0.74081	2.46982	0.74714	2.46982	0.76017	2.46982	0.76650	2.46982	0.77248	2.46982	0.77798	2.46982	0.78296	
2.48144	0.74444	2.48144	0.74717	2.48144	0.75005	2.48144	0.75305	2.48144	0.75613	2.48144	0.76238	2.48144	0.76547	2.48144	0.76846	2.48144	0.77134	2.48144	0.77407	
2.49554	0.77195	2.49554	0.77208	2.49554	0.77221	2.49554	0.77235	2.49554	0.77248	2.49554	0.77274	2.49554	0.77287	2.49554	0.77300	2.49554	0.77313	2.49554	0.77327	
2.50786	0.79115	2.50786	0.79115	2.50786	0.79115	2.50786	0.79115	2.50786	0.79115	2.50786	0.79115	2.50786	0.79115	2.50786	0.79115	2.50786	0.79115	2.50786	0.79115	
2.52114	0.80586	2.52114	0.80586	2.52114	0.80586	2.52114	0.80586	2.52114	0.80586	2.52114	0.80586	2.52114	0.80586	2.52114	0.80586	2.52114	0.80586	2.52114	0.80586	
2.53403	0.82238	2.53403	0.82238	2.53403	0.82238	2.53403	0.82238	2.53403	0.82238	2.53403	0.82238	2.53403	0.82238	2.53403	0.82238	2.53403	0.82238	2.53403	0.82238	
2.54654	0.84559	2.54654	0.84559	2.54654	0.84559	2.54654	0.84559	2.54654	0.84559	2.54654	0.84559	2.54654	0.84559	2.54654	0.84559	2.54654	0.84559	2.54654	0.84559	
2.55871	0.86012	2.55871	0.86012	2.55871	0.86012	2.55871	0.86012	2.55871	0.86012	2.55871	0.86012	2.55871	0.86012	2.55871	0.86012	2.55871	0.86012	2.55871	0.86012	
2.57171	0.86779	2.57171	0.86779	2.57171	0.86779	2.57171	0.86779	2.57171	0.86779	2.57171	0.86779	2.57171	0.86779	2.57171	0.86779	2.57171	0.86779	2.57171	0.86779	
2.58433	0.86602	2.58433	0.86602	2.58433	0.86602	2.58433	0.86602	2.58433	0.86602	2.58433	0.86602	2.58433	0.86602	2.58433	0.86602	2.58433	0.86602	2.58433	0.86602	
2.59770	0.86219	2.59770	0.86219	2.59770	0.86219	2.59770	0.86219	2.59770	0.86219	2.59770	0.86219	2.59770	0.86219	2.59770	0.86219	2.59770	0.86219	2.59770	0.86219	
2.61066	0.85870	2.61066	0.85870	2.61066	0.85870	2.61066	0.85870	2.61066	0.85870	2.61066	0.85870	2.61066	0.85870	2.61066	0.85870	2.61066	0.85870	2.61066	0.85870	
2.62325	0.86554	2.62325	0.86554	2.62325	0.86554	2.62325	0.86554	2.62325	0.86554	2.62325	0.86554	2.62325	0.86554	2.62325	0.86554	2.62325	0.86554	2.62325	0.86554	
2.63649	0.88942	2.63649	0.88942	2.63649	0.88942	2.63649	0.88942	2.63649	0.88942	2.63649	0.88942	2.63649	0.88942	2.63649	0.88942	2.63649	0.88942	2.63649	0.88942	
2.64933	0.89602	2.64933	0.89602	2.64933	0.89602	2.64933	0.89602	2.64933	0.89602	2.64933	0.89602	2.64933	0.89602	2.64933	0.89602	2.64933	0.89602	2.64933	0.89602	
2.66181	0.89114	2.66181	0.89114	2.66181	0.89114	2.66181	0.89114	2.66181	0.89114	2.66181	0.89114	2.66181	0.89114	2.66181	0.89114	2.66181	0.89114	2.66181	0.89114	
2.67486	0.88508	2.67486	0.88508	2.67486	0.88508	2.67486	0.88508	2.67486	0.88508	2.67486	0.88508	2.67486	0.88508	2.67486	0.88508	2.67486	0.88508	2.67486	0.88508	
2.68753	0.87916	2.68753	0.87916	2.68753	0.87916	2.68753	0.87916	2.68753	0.87916	2.68753	0.87916	2.68753	0.87916	2.68753	0.87916	2.68753	0.87916	2.68753	0.87916	
2.70070	0.87321	2.70070	0.87321	2.70070	0.87321	2.70070	0.87321	2.70070	0.87321	2.70070	0.87321	2.70070	0.87321	2.70070	0.87321	2.70070	0.87321	2.70070	0.87321	
2.71349	0.87094	2.71349	0.87094	2.71349	0.87094	2.71349	0.87094	2.71349	0.87094	2.71349	0.87094	2.71349	0.87094	2.71349	0.87094	2.71349	0.87094	2.71349	0.87094	
2.72591	0.86939	2.72591	0.86939	2.72591	0.86939	2.72591	0.86939	2.72591	0.86939	2.72591	0.86939	2.72591	0.86939	2.72591	0.86939	2.72591	0.86939	2.72591	0.86939	
2.73878	0.86494	2.73878	0.86494	2.73878	0.86494	2.73878	0.86494	2.73878	0.86494	2.73878	0.86494	2.73878	0.86494	2.73878	0.86494	2.73878	0.86494	2.73878	0.86494	
2.75128	0.86084	2.75128	0.86084	2.75128	0.86084	2.75128	0.86084	2.75128	0.86084	2.75128	0.86084	2.75128	0.86084	2.75128	0.86084	2.75128	0.86084	2.75128	0.86084	
2.76418	0.86400	2.76418	0.86400	2.76418	0.86400	2.76418	0.86400	2.76418	0.86400	2.76418	0.86400	2.76418	0.86400	2.76418	0.86400	2.76418	0.86400	2.76418	0.86400	
2.77743	0.88323	2.77743	0.88323	2.77743	0.88323	2.77743	0.88323	2.77743	0.88323	2.77743	0.88323	2.77743	0.88323	2.77743	0.88323	2.77743	0.88323	2.77743	0.88323	
