# MesswertTabelle
#
# M e s s w e r t t a b e l l e  der Reihen:
#
# Nikkei 225_raw_0 (q=-5.0) [127,127] Werte
# Nikkei 225_raw_0 (q=-4.0) [127,127] Werte
# Nikkei 225_raw_0 (q=-3.0) [127,127] Werte
# Nikkei 225_raw_0 (q=-2.0) [127,127] Werte
# Nikkei 225_raw_0 (q=-1.0) [127,127] Werte
# Nikkei 225_raw_0 (q=1.0) [128,128] Werte
# Nikkei 225_raw_0 (q=2.0) [128,128] Werte
# Nikkei 225_raw_0 (q=3.0) [128,128] Werte
# Nikkei 225_raw_0 (q=4.0) [128,128] Werte
# Nikkei 225_raw_0 (q=5.0) [128,128] Werte
#
#
#s	F(s)	s	F(s)	s	F(s)	s	F(s)	s	F(s)	s	F(s)	s	F(s)	s	F(s)	s	F(s)	s	F(s)	
0.60206	-14.95406	0.60206	-14.85475	0.60206	-14.69578	0.60206	-14.40571	0.60206	-13.77901	0.60206	-1.06466	0.60206	-0.74792	0.60206	-0.54194	0.60206	-0.40897	0.60206	-0.32246	
0.69897	-13.69220	0.69897	-13.63348	0.69897	-13.54615	0.69897	-13.40023	0.69897	-13.07394	0.69897	-0.88115	0.69897	-0.68855	0.69897	-0.56545	0.69897	-0.47319	0.69897	-0.40572	
0.77815	-14.48456	0.77815	-14.40849	0.77815	-14.28352	0.77815	-14.03912	0.77815	-13.39978	0.77815	-0.70641	0.77815	-0.41501	0.77815	-0.19415	0.77815	-0.05223	0.77815	0.03959	
0.84510	-13.46838	0.84510	-13.39619	0.84510	-13.28846	0.84510	-13.10476	0.84510	-12.66915	0.84510	-0.57987	0.84510	-0.33980	0.84510	-0.15101	0.84510	-0.02633	0.84510	0.05564	
0.90309	-14.55551	0.90309	-14.46392	0.90309	-14.31261	0.90309	-14.01906	0.90309	-13.26216	0.90309	-0.54704	0.90309	-0.35938	0.90309	-0.20923	0.90309	-0.09825	0.90309	-0.01886	
0.95424	-14.16093	0.95424	-14.07189	0.95424	-13.92603	0.95424	-13.65277	0.95424	-13.00773	0.95424	-0.49323	0.95424	-0.29230	0.95424	-0.14177	0.95424	-0.03915	0.95424	0.03127	
1.00000	-13.70707	1.00000	-13.62771	1.00000	-13.50746	1.00000	-13.30086	1.00000	-12.79221	1.00000	-0.38574	1.00000	-0.18498	1.00000	-0.03326	1.00000	0.07284	1.00000	0.14658	
1.04139	-13.24358	1.04139	-13.18033	1.04139	-13.07931	1.04139	-12.88859	1.04139	-12.36242	1.04139	-0.40229	1.04139	-0.22668	1.04139	-0.08936	1.04139	0.00540	1.04139	0.06979	
1.07918	-13.40031	1.07918	-13.31844	1.07918	-13.18648	1.07918	-12.94087	1.07918	-12.29851	1.07918	-0.36393	1.07918	-0.21571	1.07918	-0.09871	1.07918	-0.01373	1.07918	0.04679	
1.11394	-13.43864	1.11394	-13.35691	1.11394	-13.22268	1.11394	-12.96791	1.11394	-12.31330	1.11394	-0.31772	1.11394	-0.18250	1.11394	-0.07128	1.11394	0.01494	1.11394	0.07996	
1.14613	-12.94741	1.14613	-12.86677	1.14613	-12.73237	1.14613	-12.46357	1.14613	-11.65718	1.14613	-0.27032	1.14613	-0.12373	1.14613	-0.01248	1.14613	0.06570	1.14613	0.12057	
1.17609	-13.38794	1.17609	-13.31505	1.17609	-13.19888	1.17609	-12.98282	1.17609	-12.40925	1.17609	-0.24748	1.17609	-0.07949	1.17609	0.07383	1.17609	0.18407	1.17609	0.25905	
1.20412	-13.21672	1.20412	-13.15216	1.20412	-13.04934	1.20412	-12.85352	1.20412	-12.29206	1.20412	-0.17457	1.20412	0.03765	1.20412	0.19683	1.20412	0.29794	1.20412	0.36345	
1.23045	-13.35720	1.23045	-13.28104	1.23045	-13.15550	1.23045	-12.91216	1.23045	-12.23326	1.23045	-0.17207	1.23045	-0.01927	1.23045	0.10279	1.23045	0.19138	1.23045	0.25420	
1.25527	-12.64401	1.25527	-12.56808	1.25527	-12.44154	1.25527	-12.18845	1.25527	-11.42920	1.25527	-0.14587	1.25527	0.01261	1.25527	0.13631	1.25527	0.22346	1.25527	0.28415	
1.27875	-13.11085	1.27875	-13.03629	1.27875	-12.91201	1.27875	-12.66345	1.27875	-11.91776	1.27875	-0.14138	1.27875	-0.02197	1.27875	0.07868	1.27875	0.15272	1.27875	0.20515	
1.30103	-0.53727	1.30103	-0.50424	1.30103	-0.46130	1.30103	-0.40484	1.30103	-0.32915	1.30103	-0.03790	1.30103	0.17639	1.30103	0.34197	1.30103	0.45008	1.30103	0.52093	
1.32222	-12.88326	1.32222	-12.81123	1.32222	-12.69240	1.32222	-12.46194	1.32222	-11.82149	1.32222	-0.07047	1.32222	0.10019	1.32222	0.23567	1.32222	0.32794	1.32222	0.39078	
1.34242	-13.20788	1.34242	-13.13631	1.34242	-13.01703	1.34242	-12.77847	1.34242	-12.06279	1.34242	-0.04815	1.34242	0.14024	1.34242	0.28716	1.34242	0.38705	1.34242	0.45414	
1.36173	-12.98923	1.36173	-12.91848	1.36173	-12.80057	1.36173	-12.56474	1.36173	-11.85725	1.36173	0.00303	1.36173	0.16126	1.36173	0.28349	1.36173	0.36935	1.36173	0.42920	
1.38021	-0.57577	1.38021	-0.53688	1.38021	-0.48374	1.38021	-0.40946	1.38021	-0.30386	1.38021	0.05982	1.38021	0.25812	1.38021	0.40672	1.38021	0.50448	1.38021	0.56955	
1.39794	-0.43648	1.39794	-0.39786	1.39794	-0.35117	1.39794	-0.29390	1.39794	-0.21896	1.39794	-0.00495	1.39794	0.12312	1.39794	0.21595	1.39794	0.28315	1.39794	0.33286	
1.41497	-0.45615	1.41497	-0.40922	1.41497	-0.35109	1.41497	-0.28091	1.41497	-0.19641	1.41497	0.06452	1.41497	0.26082	1.41497	0.40696	1.41497	0.50079	1.41497	0.56257	
1.43136	-13.24929	1.43136	-13.18217	1.43136	-13.07030	1.43136	-12.84657	1.43136	-12.17536	1.43136	0.03004	1.43136	0.15576	1.43136	0.26050	1.43136	0.33729	1.43136	0.39193	
1.44716	-0.25825	1.44716	-0.23186	1.44716	-0.19749	1.44716	-0.15172	1.44716	-0.08960	1.44716	0.09151	1.44716	0.24578	1.44716	0.35975	1.44716	0.43712	1.44716	0.49022	
1.46240	-0.33758	1.46240	-0.31578	1.46240	-0.28577	1.46240	-0.24145	1.46240	-0.17001	1.46240	0.12886	1.46240	0.29520	1.46240	0.43758	1.46240	0.53367	1.46240	0.59684	
1.47712	-12.75763	1.47712	-12.69258	1.47712	-12.58416	1.47712	-12.36732	1.47712	-11.71681	1.47712	0.13299	1.47712	0.30717	1.47712	0.42841	1.47712	0.50762	1.47712	0.56143	
1.49136	-0.24048	1.49136	-0.22090	1.49136	-0.19414	1.49136	-0.15571	1.49136	-0.09734	1.49136	0.10964	1.49136	0.22088	1.49136	0.29860	1.49136	0.35306	1.49136	0.39199	
1.50515	-12.97786	1.50515	-12.91392	1.50515	-12.80736	1.50515	-12.59423	1.50515	-11.95486	1.50515	0.12577	1.50515	0.26813	1.50515	0.38244	1.50515	0.46281	1.50515	0.51861	
1.51851	-0.46657	1.51851	-0.41345	1.51851	-0.34055	1.51851	-0.24418	1.51851	-0.12598	1.51851	0.17156	1.51851	0.37842	1.51851	0.52610	1.51851	0.61941	1.51851	0.67997	
1.53148	-0.58349	1.53148	-0.52482	1.53148	-0.43648	1.53148	-0.30824	1.53148	-0.15772	1.53148	0.17683	1.53148	0.34834	1.53148	0.48232	1.53148	0.57171	1.53148	0.63092	
1.54407	-0.19432	1.54407	-0.16905	1.54407	-0.13317	1.54407	-0.08135	1.54407	-0.00723	1.54407	0.10926	1.54407	0.24070	1.54407	0.34902	1.54407	0.42554	1.54407	0.47826	
1.55630	-0.28121	1.55630	-0.24922	1.55630	-0.20612	1.55630	-0.14560	1.55630	-0.05937	1.55630	0.21784	1.55630	0.34025	1.55630	0.43700	1.55630	0.50562	1.55630	0.55390	
1.56820	-0.26197	1.56820	-0.22305	1.56820	-0.17070	1.56820	-0.10153	1.56820	-0.01435	1.56820	0.18821	1.56820	0.31413	1.56820	0.41575	1.56820	0.48979	1.56820	0.54227	
1.57978	-0.20439	1.57978	-0.17473	1.57978	-0.13260	1.57978	-0.07136	1.57978	0.01716	1.57978	0.24610	1.57978	0.42436	1.57978	0.56436	1.57978	0.65438	1.57978	0.71249	
1.59106	-0.19595	1.59106	-0.16778	1.59106	-0.12861	1.59106	-0.07334	1.59106	0.00298	1.59106	0.29683	1.59106	0.46032	1.59106	0.58731	1.59106	0.67229	1.59106	0.72878	
1.61278	-0.19122	1.61278	-0.15794	1.61278	-0.11196	1.61278	-0.04765	1.61278	0.04023	1.61278	0.21297	1.61278	0.31937	1.61278	0.40480	1.61278	0.46751	1.61278	0.51291	
1.62325	-0.20103	1.62325	-0.16551	1.62325	-0.11559	1.62325	-0.04426	1.62325	0.05513	1.62325	0.27288	1.62325	0.38644	1.62325	0.47742	1.62325	0.54423	1.62325	0.59220	
1.63347	-0.13015	1.63347	-0.09915	1.63347	-0.05734	1.63347	0.00006	1.63347	0.07927	1.63347	0.31368	1.63347	0.43309	1.63347	0.52654	1.63347	0.59451	1.63347	0.64311	
1.64345	-0.18689	1.64345	-0.16135	1.64345	-0.12426	1.64345	-0.06648	1.64345	0.02698	1.64345	0.31582	1.64345	0.44130	1.64345	0.53853	1.64345	0.60692	1.64345	0.65483	
1.66276	-0.21324	1.66276	-0.17463	1.66276	-0.11929	1.66276	-0.03895	1.66276	0.07029	1.66276	0.34576	1.66276	0.51558	1.66276	0.64082	1.66276	0.72249	1.66276	0.77593	
1.67210	-0.00137	1.67210	0.02600	1.67210	0.06062	1.67210	0.10356	1.67210	0.15582	1.67210	0.33256	1.67210	0.46355	1.67210	0.56982	1.67210	0.64460	1.67210	0.69567	
1.69020	-0.15244	1.69020	-0.11932	1.69020	-0.07429	1.69020	-0.01240	1.69020	0.06917	1.69020	0.29622	1.69020	0.37907	1.69020	0.45306	1.69020	0.51025	1.69020	0.55219	
1.69897	-0.00558	1.69897	0.01642	1.69897	0.04587	1.69897	0.08650	1.69897	0.14472	1.69897	0.25581	1.69897	0.33236	1.69897	0.39077	1.69897	0.43367	1.69897	0.46496	
1.71600	-0.07162	1.71600	-0.04416	1.71600	-0.00703	1.71600	0.04416	1.71600	0.11459	1.71600	0.35604	1.71600	0.49252	1.71600	0.60065	1.71600	0.67420	1.71600	0.72376	
1.72428	-0.12750	1.72428	-0.09616	1.72428	-0.05056	1.72428	0.01800	1.72428	0.11820	1.72428	0.33315	1.72428	0.46527	1.72428	0.57184	1.72428	0.64488	1.72428	0.69384	
1.74036	-0.15896	1.74036	-0.10969	1.74036	-0.03573	1.74036	0.07190	1.74036	0.20103	1.74036	0.40568	1.74036	0.55960	1.74036	0.67572	1.74036	0.75179	1.74036	0.80160	
1.74819	0.04290	1.74819	0.08502	1.74819	0.14303	1.74819	0.21925	1.74819	0.30846	1.74819	0.44823	1.74819	0.58583	1.74819	0.69929	1.74819	0.77558	1.74819	0.82565	
1.76343	0.00136	1.76343	0.03887	1.76343	0.09219	1.76343	0.16612	1.76343	0.25507	1.76343	0.49134	1.76343	0.57761	1.76343	0.65120	1.76343	0.70769	1.76343	0.74912	
1.77815	0.14616	1.77815	0.17856	1.77815	0.21881	1.77815	0.26556	1.77815	0.31499	1.77815	0.40578	1.77815	0.46075	1.77815	0.50901	1.77815	0.55086	1.77815	0.58536	
1.78533	-0.17570	1.78533	-0.13163	1.78533	-0.06595	1.78533	0.03104	1.78533	0.15472	1.78533	0.41328	1.78533	0.46446	1.78533	0.51535	1.78533	0.56086	1.78533	0.59795	
1.79934	0.00134	1.79934	0.03066	1.79934	0.07307	1.79934	0.13622	1.79934	0.22916	1.79934	0.36448	1.79934	0.43860	1.79934	0.49976	1.79934	0.54826	1.79934	0.58526	
1.81291	0.02919	1.81291	0.06221	1.81291	0.10747	1.81291	0.16995	1.81291	0.25365	1.81291	0.48368	1.81291	0.59447	1.81291	0.67568	1.81291	0.73259	1.81291	0.77271	
1.82607	0.31768	1.82607	0.32978	1.82607	0.34614	1.82607	0.36921	1.82607	0.40328	1.82607	0.46937	1.82607	0.57300	1.82607	0.65476	1.82607	0.71372	1.82607	0.75536	
1.83885	-0.10506	1.83885	-0.06181	1.83885	0.00464	1.83885	0.10913	1.83885	0.25997	1.83885	0.52898	1.83885	0.61507	1.83885	0.69201	1.83885	0.74998	1.83885	0.79138	
1.85126	-0.00186	1.85126	0.03475	1.85126	0.08695	1.85126	0.16281	1.85126	0.27080	1.85126	0.57649	1.85126	0.69127	1.85126	0.77404	1.85126	0.83135	1.85126	0.87116	
1.86332	0.08178	1.86332	0.12005	1.86332	0.17369	1.86332	0.24853	1.86332	0.34804	1.86332	0.56815	1.86332	0.70151	1.86332	0.79467	1.86332	0.85587	1.86332	0.89692	
1.88081	0.32260	1.88081	0.33659	1.88081	0.35578	1.88081	0.38292	1.88081	0.42154	1.88081	0.57583	1.88081	0.66200	1.88081	0.72289	1.88081	0.76585	1.88081	0.79713	
1.89209	0.37484	1.89209	0.38924	1.89209	0.40801	1.89209	0.43293	1.89209	0.46583	1.89209	0.53464	1.89209	0.59301	1.89209	0.64030	1.89209	0.67563	1.89209	0.70162	
1.90309	0.00684	1.90309	0.04687	1.90309	0.10767	1.90309	0.20017	1.90309	0.32161	1.90309	0.55258	1.90309	0.59621	1.90309	0.63276	1.90309	0.66117	1.90309	0.68270	
1.91908	-0.02547	1.91908	0.01465	1.91908	0.07610	1.91908	0.17304	1.91908	0.31347	1.91908	0.50582	1.91908	0.55001	1.91908	0.57885	1.91908	0.59920	1.91908	0.61432	
1.92942	0.34801	1.92942	0.36782	1.92942	0.39411	1.92942	0.42980	1.92942	0.47821	1.92942	0.56605	1.92942	0.63099	1.92942	0.67379	1.92942	0.70467	1.92942	0.72840	
1.94448	0.41342	1.94448	0.42940	1.94448	0.45084	1.94448	0.48019	1.94448	0.52042	1.94448	0.61027	1.94448	0.67582	1.94448	0.72900	1.94448	0.76921	1.94448	0.79919	
1.95424	0.37831	1.95424	0.39365	1.95424	0.41248	1.95424	0.43648	1.95424	0.46892	1.95424	0.63246	1.95424	0.68932	1.95424	0.73587	1.95424	0.77118	1.95424	0.79754	
1.96848	0.46073	1.96848	0.47446	1.96848	0.49187	1.96848	0.51474	1.96848	0.54636	1.96848	0.57813	1.96848	0.64987	1.96848	0.71378	1.96848	0.76205	1.96848	0.79646	
1.98227	0.04096	1.98227	0.07902	1.98227	0.13907	1.98227	0.23801	1.98227	0.38724	1.98227	0.65383	1.98227	0.72432	1.98227	0.78731	1.98227	0.83509	1.98227	0.86931	
1.99564	0.31477	1.99564	0.34665	1.99564	0.39002	1.99564	0.44753	1.99564	0.51992	1.99564	0.67538	1.99564	0.77100	1.99564	0.84185	1.99564	0.89184	1.99564	0.92666	
2.00860	0.60601	2.00860	0.61441	2.00860	0.62598	2.00860	0.64296	2.00860	0.66937	2.00860	0.70318	2.00860	0.79544	2.00860	0.86787	2.00860	0.91880	2.00860	0.95393	
2.02119	0.63524	2.02119	0.64881	2.02119	0.66551	2.02119	0.68660	2.02119	0.71386	2.02119	0.77014	2.02119	0.83714	2.02119	0.89575	2.02119	0.93944	2.02119	0.97041	
2.03342	0.65112	2.03342	0.66677	2.03342	0.68511	2.03342	0.70624	2.03342	0.72995	2.03342	0.79112	2.03342	0.83598	2.03342	0.87713	2.03342	0.91088	2.03342	0.93700	
2.04532	0.61933	2.04532	0.63102	2.04532	0.64505	2.04532	0.66181	2.04532	0.68144	2.04532	0.78190	2.04532	0.80753	2.04532	0.83112	2.04532	0.85186	2.04532	0.86949	
2.05690	0.54564	2.05690	0.55709	2.05690	0.57286	2.05690	0.59506	2.05690	0.62590	2.05690	0.72670	2.05690	0.74940	2.05690	0.77010	2.05690	0.78801	2.05690	0.80302	
2.07188	0.53982	2.07188	0.55511	2.07188	0.57539	2.07188	0.60282	2.07188	0.63932	2.07188	0.70991	2.07188	0.75118	2.07188	0.78452	2.07188	0.80951	2.07188	0.82793	
2.08279	0.38448	2.08279	0.41190	2.08279	0.44975	2.08279	0.50132	2.08279	0.56595	2.08279	0.73171	2.08279	0.77412	2.08279	0.80744	2.08279	0.83213	2.08279	0.85029	
2.09691	0.86256	2.09691	0.86396	2.09691	0.86539	2.09691	0.86685	2.09691	0.86832	2.09691	0.69118	2.09691	0.73312	2.09691	0.76239	2.09691	0.78314	2.09691	0.79838	
2.11059	0.82281	2.11059	0.82865	2.11059	0.83513	2.11059	0.84218	2.11059	0.84965	2.11059	0.87129	2.11059	0.87276	2.11059	0.87422	2.11059	0.87565	2.11059	0.87704	
2.12385	0.79608	2.12385	0.80453	2.12385	0.81390	2.12385	0.82404	2.12385	0.83463	2.12385	0.86502	2.12385	0.87244	2.12385	0.87940	2.12385	0.88578	2.12385	0.89150	
2.13672	0.75885	2.13672	0.77357	2.13672	0.79005	2.13672	0.80750	2.13672	0.82474	2.13672	0.85561	2.13672	0.86520	2.13672	0.87384	2.13672	0.88143	2.13672	0.88801	
2.14922	0.77466	2.14922	0.78783	2.14922	0.80245	2.14922	0.81796	2.14922	0.83352	2.14922	0.85432	2.14922	0.86568	2.14922	0.87487	2.14922	0.88224	2.14922	0.88820	
2.16137	0.76984	2.16137	0.77942	2.16137	0.79121	2.16137	0.80547	2.16137	0.82221	2.16137	0.86152	2.16137	0.87300	2.16137	0.88273	2.16137	0.89090	2.16137	0.89776	
2.17319	0.74482	2.17319	0.75686	2.17319	0.77241	2.17319	0.79254	2.17319	0.81812	2.17319	0.86033	2.17319	0.87921	2.17319	0.89640	2.17319	0.91133	2.17319	0.92393	
2.18752	0.80330	2.18752	0.81825	2.18752	0.83752	2.18752	0.86216	2.18752	0.89256	2.18752	0.88232	2.18752	0.91491	2.18752	0.94351	2.18752	0.96695	2.18752	0.98556	
2.19866	0.78990	2.19866	0.80663	2.19866	0.82900	2.19866	0.85893	2.19866	0.89776	2.19866	0.96302	2.19866	0.99551	2.19866	1.02247	2.19866	1.04368	2.19866	1.06004	
2.21219	0.96976	2.21219	0.97643	2.21219	0.98539	2.21219	0.99744	2.21219	1.01329	2.21219	0.99150	2.21219	1.03350	2.21219	1.06662	2.21219	1.09136	2.21219	1.10964	
2.22531	1.00159	2.22531	1.00840	2.22531	1.01700	2.22531	1.02783	2.22531	1.04122	2.22531	1.05617	2.22531	1.08014	2.22531	1.10262	2.22531	1.12199	2.22531	1.13780	
2.23805	1.00766	2.23805	1.01370	2.23805	1.02126	2.23805	1.03065	2.23805	1.04211	2.23805	1.07490	2.23805	1.09331	2.23805	1.11093	2.23805	1.12670	2.23805	1.14013	
2.25042	0.98276	2.25042	0.98873	2.25042	0.99613	2.25042	1.00527	2.25042	1.01632	2.25042	1.07062	2.25042	1.08630	2.25042	1.10157	2.25042	1.11556	2.25042	1.12777	
2.26482	0.91546	2.26482	0.92642	2.26482	0.93954	2.26482	0.95498	2.26482	0.97254	2.26482	1.04357	2.26482	1.05853	2.26482	1.07313	2.26482	1.08657	2.26482	1.09838	
2.27646	0.91305	2.27646	0.92416	2.27646	0.93728	2.27646	0.95241	2.27646	0.96922	2.27646	1.01089	2.27646	1.02931	2.27646	1.04587	2.27646	1.06013	2.27646	1.07209	
2.29003	0.92832	2.29003	0.93926	2.29003	0.95212	2.29003	0.96684	2.29003	0.98308	2.29003	1.00455	2.29003	1.02105	2.29003	1.03579	2.29003	1.04850	2.29003	1.05923	
2.30320	0.91641	2.30320	0.92948	2.30320	0.94528	2.30320	0.96385	2.30320	0.98463	2.30320	1.01692	2.30320	1.03267	2.30320	1.04674	2.30320	1.05890	2.30320	1.06922	
2.31597	1.07717	2.31597	1.08202	2.31597	1.08738	2.31597	1.09317	2.31597	1.09929	2.31597	1.02751	2.31597	1.04667	2.31597	1.06318	2.31597	1.07695	2.31597	1.08829	
2.32838	1.08148	2.32838	1.08661	2.32838	1.09230	2.32838	1.09850	2.32838	1.10507	2.32838	1.11189	2.32838	1.11801	2.32838	1.12380	2.32838	1.12916	2.32838	1.13401	
2.34044	1.08414	2.34044	1.08952	2.34044	1.09553	2.34044	1.10210	2.34044	1.10910	2.34044	1.11862	2.34044	1.12520	2.34044	1.13139	2.34044	1.13708	2.34044	1.14221	
2.35411	1.08851	2.35411	1.09261	2.35411	1.09705	2.35411	1.10179	2.35411	1.10675	2.35411	1.12355	2.35411	1.13055	2.35411	1.13712	2.35411	1.14313	2.35411	1.14851	
2.36736	1.08582	2.36736	1.08744	2.36736	1.08912	2.36736	1.09083	2.36736	1.09257	2.36736	1.11690	2.36736	1.12186	2.36736	1.12660	2.36736	1.13105	2.36736	1.13514	
2.38021	1.04361	2.38021	1.04418	2.38021	1.04477	2.38021	1.04535	2.38021	1.04594	2.38021	1.09609	2.38021	1.09783	2.38021	1.09954	2.38021	1.10122	2.38021	1.10284	
2.39270	1.02866	2.39270	1.03006	2.39270	1.03151	2.39270	1.03298	2.39270	1.03448	2.39270	1.04713	2.39270	1.04772	2.39270	1.04831	2.39270	1.04889	2.39270	1.04946	
2.40483	1.04523	2.40483	1.04653	2.40483	1.04786	2.40483	1.04922	2.40483	1.05059	2.40483	1.03749	2.40483	1.03898	2.40483	1.04046	2.40483	1.04190	2.40483	1.04331	
2.41830	1.03885	2.41830	1.04061	2.41830	1.04243	2.41830	1.04430	2.41830	1.04621	2.41830	1.05336	2.41830	1.05473	2.41830	1.05609	2.41830	1.05742	2.41830	1.05872	
2.43136	1.02754	2.43136	1.02977	2.43136	1.03210	2.43136	1.03451	2.43136	1.03697	2.43136	1.05004	2.43136	1.05195	2.43136	1.05382	2.43136	1.05564	2.43136	1.05740	
2.44404	1.01371	2.44404	1.01640	2.44404	1.01925	2.44404	1.02221	2.44404	1.02525	2.44404	1.04195	2.44404	1.04442	2.44404	1.04682	2.44404	1.04915	2.44404	1.05139	
2.45637	1.00144	2.45637	1.00490	2.45637	1.00859	2.45637	1.01249	2.45637	1.01653	2.45637	1.03142	2.45637	1.03447	2.45637	1.03743	2.45637	1.04027	2.45637	1.04297	
2.46982	0.99521	2.46982	0.99981	2.46982	1.00486	2.46982	1.01029	2.46982	1.01602	2.46982	1.02478	2.46982	1.02882	2.46982	1.03272	2.46982	1.03641	2.46982	1.03987	
2.48144	1.00273	2.48144	1.00913	2.48144	1.01645	2.48144	1.02463	2.48144	1.03348	2.48144	1.02778	2.48144	1.03351	2.48144	1.03894	2.48144	1.04399	2.48144	1.04859	
2.49554	1.18535	2.49554	1.18535	2.49554	1.18535	2.49554	1.18535	2.49554	1.18535	2.49554	1.05195	2.49554	1.06080	2.49554	1.06898	2.49554	1.07630	2.49554	1.08270	
2.50786	1.25021	2.50786	1.25021	2.50786	1.25021	2.50786	1.25021	2.50786	1.25021	2.50786	1.18535	2.50786	1.18535	2.50786	1.18535	2.50786	1.18535	2.50786	1.18535	
2.52114	1.30438	2.52114	1.30438	2.52114	1.30438	2.52114	1.30438	2.52114	1.30438	2.52114	1.25021	2.52114	1.25021	2.52114	1.25021	2.52114	1.25021	2.52114	1.25021	
2.53403	1.35221	2.53403	1.35221	2.53403	1.35221	2.53403	1.35221	2.53403	1.35221	2.53403	1.30438	2.53403	1.30438	2.53403	1.30438	2.53403	1.30438	2.53403	1.30438	
2.54654	1.39375	2.54654	1.39375	2.54654	1.39375	2.54654	1.39375	2.54654	1.39375	2.54654	1.35221	2.54654	1.35221	2.54654	1.35221	2.54654	1.35221	2.54654	1.35221	
2.55871	1.43180	2.55871	1.43180	2.55871	1.43180	2.55871	1.43180	2.55871	1.43180	2.55871	1.39375	2.55871	1.39375	2.55871	1.39375	2.55871	1.39375	2.55871	1.39375	
2.57171	1.45031	2.57171	1.45031	2.57171	1.45031	2.57171	1.45031	2.57171	1.45031	2.57171	1.43180	2.57171	1.43180	2.57171	1.43180	2.57171	1.43180	2.57171	1.43180	
2.58433	1.46597	2.58433	1.46597	2.58433	1.46597	2.58433	1.46597	2.58433	1.46597	2.58433	1.45031	2.58433	1.45031	2.58433	1.45031	2.58433	1.45031	2.58433	1.45031	
2.59770	1.47745	2.59770	1.47745	2.59770	1.47745	2.59770	1.47745	2.59770	1.47745	2.59770	1.46597	2.59770	1.46597	2.59770	1.46597	2.59770	1.46597	2.59770	1.46597	
2.61066	1.48831	2.61066	1.48831	2.61066	1.48831	2.61066	1.48831	2.61066	1.48831	2.61066	1.47745	2.61066	1.47745	2.61066	1.47745	2.61066	1.47745	2.61066	1.47745	
2.62325	1.50113	2.62325	1.50113	2.62325	1.50113	2.62325	1.50113	2.62325	1.50113	2.62325	1.48831	2.62325	1.48831	2.62325	1.48831	2.62325	1.48831	2.62325	1.48831	
2.63649	1.51071	2.63649	1.51071	2.63649	1.51071	2.63649	1.51071	2.63649	1.51071	2.63649	1.50113	2.63649	1.50113	2.63649	1.50113	2.63649	1.50113	2.63649	1.50113	
2.64933	1.51986	2.64933	1.51986	2.64933	1.51986	2.64933	1.51986	2.64933	1.51986	2.64933	1.51071	2.64933	1.51071	2.64933	1.51071	2.64933	1.51071	2.64933	1.51071	
2.66181	1.52932	2.66181	1.52932	2.66181	1.52932	2.66181	1.52932	2.66181	1.52932	2.66181	1.51986	2.66181	1.51986	2.66181	1.51986	2.66181	1.51986	2.66181	1.51986	
2.67486	1.53267	2.67486	1.53267	2.67486	1.53267	2.67486	1.53267	2.67486	1.53267	2.67486	1.52932	2.67486	1.52932	2.67486	1.52932	2.67486	1.52932	2.67486	1.52932	
2.68753	1.52802	2.68753	1.52802	2.68753	1.52802	2.68753	1.52802	2.68753	1.52802	2.68753	1.53267	2.68753	1.53267	2.68753	1.53267	2.68753	1.53267	2.68753	1.53267	
2.70070	1.52169	2.70070	1.52169	2.70070	1.52169	2.70070	1.52169	2.70070	1.52169	2.70070	1.52802	2.70070	1.52802	2.70070	1.52802	2.70070	1.52802	2.70070	1.52802	
2.71349	1.51557	2.71349	1.51557	2.71349	1.51557	2.71349	1.51557	2.71349	1.51557	2.71349	1.52169	2.71349	1.52169	2.71349	1.52169	2.71349	1.52169	2.71349	1.52169	
2.72591	1.50972	2.72591	1.50972	2.72591	1.50972	2.72591	1.50972	2.72591	1.50972	2.72591	1.51557	2.72591	1.51557	2.72591	1.51557	2.72591	1.51557	2.72591	1.51557	
2.73878	1.50494	2.73878	1.50494	2.73878	1.50494	2.73878	1.50494	2.73878	1.50494	2.73878	1.50972	2.73878	1.50972	2.73878	1.50972	2.73878	1.50972	2.73878	1.50972	
2.75128	1.50211	2.75128	1.50211	2.75128	1.50211	2.75128	1.50211	2.75128	1.50211	2.75128	1.50494	2.75128	1.50494	2.75128	1.50494	2.75128	1.50494	2.75128	1.50494	
2.76418	1.50155	2.76418	1.50155	2.76418	1.50155	2.76418	1.50155	2.76418	1.50155	2.76418	1.50211	2.76418	1.50211	2.76418	1.50211	2.76418	1.50211	2.76418	1.50211	
2.77743	-5.00000	2.77743	-5.00000	2.77743	-5.00000	2.77743	-5.00000	2.77743	-5.00000	2.77743	1.50155	2.77743	1.50155	2.77743	1.50155	2.77743	1.50155	2.77743	1.50155	
