# MesswertTabelle
#
# M e s s w e r t t a b e l l e  der Reihen:
#
# 1 _ln_shuffled_1 (q=-5.0) [97,97] Werte
# 1 _ln_shuffled_1 (q=-4.0) [97,97] Werte
# 1 _ln_shuffled_1 (q=-3.0) [97,97] Werte
# 1 _ln_shuffled_1 (q=-2.0) [97,97] Werte
# 1 _ln_shuffled_1 (q=-1.0) [97,97] Werte
# 1 _ln_shuffled_1 (q=1.0) [97,97] Werte
# 1 _ln_shuffled_1 (q=2.0) [97,97] Werte
# 1 _ln_shuffled_1 (q=3.0) [97,97] Werte
# 1 _ln_shuffled_1 (q=4.0) [97,97] Werte
# 1 _ln_shuffled_1 (q=5.0) [97,97] Werte
#
#
#s	F(s)	s	F(s)	s	F(s)	s	F(s)	s	F(s)	s	F(s)	s	F(s)	s	F(s)	s	F(s)	s	F(s)	
0.60206	-2.88648	0.60206	-2.80072	0.60206	-2.66289	0.60206	-2.41084	0.60206	-1.92216	0.60206	-1.23921	0.60206	-1.09225	0.60206	-0.96889	0.60206	-0.87059	0.60206	-0.79710	
0.69897	-1.95843	0.69897	-1.88278	0.69897	-1.76920	0.69897	-1.59281	0.69897	-1.35381	0.69897	-1.00297	0.69897	-0.90173	0.69897	-0.82575	0.69897	-0.76755	0.69897	-0.72190	
0.77815	-1.34789	0.77815	-1.29982	0.77815	-1.23798	0.77815	-1.16039	0.77815	-1.07047	0.77815	-0.90157	0.77815	-0.84029	0.77815	-0.79403	0.77815	-0.75896	0.77815	-0.73181	
0.84510	-1.19882	0.84510	-1.16638	0.84510	-1.12521	0.84510	-1.07465	0.84510	-1.01690	0.84510	-0.90316	0.84510	-0.85663	0.84510	-0.81833	0.84510	-0.78713	0.84510	-0.76166	
0.90309	-1.01924	0.90309	-0.99596	0.90309	-0.96777	0.90309	-0.93375	0.90309	-0.89359	0.90309	-0.80175	0.90309	-0.75684	0.90309	-0.71636	0.90309	-0.68127	0.90309	-0.65147	
0.95424	-0.97313	0.95424	-0.94563	0.95424	-0.91371	0.95424	-0.87730	0.95424	-0.83701	0.95424	-0.75118	0.95424	-0.70970	0.95424	-0.67154	0.95424	-0.63783	0.95424	-0.60896	
1.00000	-0.87975	1.00000	-0.85284	1.00000	-0.82201	1.00000	-0.78834	1.00000	-0.75351	1.00000	-0.68594	1.00000	-0.65455	1.00000	-0.62521	1.00000	-0.59828	1.00000	-0.57407	
1.04139	-0.89602	1.04139	-0.87458	1.04139	-0.84781	1.04139	-0.81460	1.04139	-0.77500	1.04139	-0.68877	1.04139	-0.65055	1.04139	-0.61830	1.04139	-0.59160	1.04139	-0.56948	
1.07918	-0.83243	1.07918	-0.80717	1.07918	-0.77895	1.07918	-0.74836	1.07918	-0.71616	1.07918	-0.64984	1.07918	-0.61717	1.07918	-0.58608	1.07918	-0.55759	1.07918	-0.53239	
1.11394	-0.77756	1.11394	-0.76171	1.11394	-0.74347	1.11394	-0.72260	1.11394	-0.69914	1.11394	-0.64686	1.11394	-0.62032	1.11394	-0.59520	1.11394	-0.57235	1.11394	-0.55221	
1.14613	-0.77145	1.14613	-0.74872	1.14613	-0.72484	1.14613	-0.70082	1.14613	-0.67753	1.14613	-0.63470	1.14613	-0.61531	1.14613	-0.59722	1.14613	-0.58046	1.14613	-0.56509	
1.17609	-0.81015	1.17609	-0.77718	1.17609	-0.74055	1.17609	-0.70350	1.17609	-0.66981	1.17609	-0.61873	1.17609	-0.60024	1.17609	-0.58498	1.17609	-0.57210	1.17609	-0.56103	
1.20412	-0.79099	1.20412	-0.76790	1.20412	-0.74075	1.20412	-0.71036	1.20412	-0.67857	1.20412	-0.61910	1.20412	-0.59368	1.20412	-0.57132	1.20412	-0.55176	1.20412	-0.53474	
1.23045	-0.76715	1.23045	-0.74490	1.23045	-0.72026	1.23045	-0.69395	1.23045	-0.66689	1.23045	-0.61364	1.23045	-0.58852	1.23045	-0.56505	1.23045	-0.54370	1.23045	-0.52481	
1.25527	-0.74835	1.25527	-0.72572	1.25527	-0.70069	1.25527	-0.67411	1.25527	-0.64714	1.25527	-0.59650	1.25527	-0.57424	1.25527	-0.55440	1.25527	-0.53695	1.25527	-0.52175	
1.27875	-0.66198	1.27875	-0.65099	1.27875	-0.63840	1.27875	-0.62428	1.27875	-0.60895	1.27875	-0.57729	1.27875	-0.56248	1.27875	-0.54911	1.27875	-0.53738	1.27875	-0.52727	
1.30103	-0.59250	1.30103	-0.58700	1.30103	-0.58084	1.30103	-0.57399	1.30103	-0.56646	1.30103	-0.54958	1.30103	-0.54045	1.30103	-0.53107	1.30103	-0.52162	1.30103	-0.51227	
1.32222	-0.58247	1.32222	-0.57508	1.32222	-0.56690	1.32222	-0.55785	1.32222	-0.54791	1.32222	-0.52560	1.32222	-0.51365	1.32222	-0.50161	1.32222	-0.48989	1.32222	-0.47881	
1.34242	-0.58988	1.34242	-0.58311	1.34242	-0.57593	1.34242	-0.56839	1.34242	-0.56060	1.34242	-0.54476	1.34242	-0.53698	1.34242	-0.52945	1.34242	-0.52228	1.34242	-0.51554	
1.36173	-0.56232	1.36173	-0.55632	1.36173	-0.55038	1.36173	-0.54457	1.36173	-0.53898	1.36173	-0.52858	1.36173	-0.52383	1.36173	-0.51940	1.36173	-0.51527	1.36173	-0.51144	
1.38021	-0.56214	1.38021	-0.55380	1.38021	-0.54496	1.38021	-0.53564	1.38021	-0.52592	1.38021	-0.50570	1.38021	-0.49558	1.38021	-0.48575	1.38021	-0.47640	1.38021	-0.46769	
1.39794	-0.56813	1.39794	-0.56261	1.39794	-0.55666	1.39794	-0.55027	1.39794	-0.54342	1.39794	-0.52845	1.39794	-0.52044	1.39794	-0.51222	1.39794	-0.50395	1.39794	-0.49580	
1.41497	-0.57217	1.41497	-0.56440	1.41497	-0.55583	1.41497	-0.54647	1.41497	-0.53638	1.41497	-0.51455	1.41497	-0.50323	1.41497	-0.49199	1.41497	-0.48107	1.41497	-0.47070	
1.43136	-0.55293	1.43136	-0.54222	1.43136	-0.53154	1.43136	-0.52119	1.43136	-0.51144	1.43136	-0.49426	1.43136	-0.48690	1.43136	-0.48029	1.43136	-0.47436	1.43136	-0.46905	
1.44716	-0.53051	1.44716	-0.52076	1.44716	-0.51069	1.44716	-0.50054	1.44716	-0.49051	1.44716	-0.47153	1.44716	-0.46281	1.44716	-0.45468	1.44716	-0.44717	1.44716	-0.44025	
1.46240	-0.55072	1.46240	-0.54527	1.46240	-0.53916	1.46240	-0.53219	1.46240	-0.52415	1.46240	-0.50397	1.46240	-0.49171	1.46240	-0.47827	1.46240	-0.46421	1.46240	-0.45023	
1.47712	-0.52042	1.47712	-0.51388	1.47712	-0.50694	1.47712	-0.49961	1.47712	-0.49192	1.47712	-0.47554	1.47712	-0.46697	1.47712	-0.45826	1.47712	-0.44956	1.47712	-0.44099	
1.49136	-0.52264	1.49136	-0.51424	1.49136	-0.50535	1.49136	-0.49608	1.49136	-0.48660	1.49136	-0.46788	1.49136	-0.45905	1.49136	-0.45078	1.49136	-0.44318	1.49136	-0.43628	
1.50515	-0.52343	1.50515	-0.51380	1.50515	-0.50306	1.50515	-0.49130	1.50515	-0.47878	1.50515	-0.45329	1.50515	-0.44132	1.50515	-0.43039	1.50515	-0.42068	1.50515	-0.41224	
1.51851	-0.50663	1.51851	-0.49881	1.51851	-0.48996	1.51851	-0.48008	1.51851	-0.46931	1.51851	-0.44625	1.51851	-0.43477	1.51851	-0.42386	1.51851	-0.41379	1.51851	-0.40470	
1.53148	-0.50922	1.53148	-0.50345	1.53148	-0.49734	1.53148	-0.49099	1.53148	-0.48448	1.53148	-0.47153	1.53148	-0.46532	1.53148	-0.45943	1.53148	-0.45391	1.53148	-0.44882	
1.54407	-0.47668	1.54407	-0.47392	1.54407	-0.47097	1.54407	-0.46785	1.54407	-0.46457	1.54407	-0.45772	1.54407	-0.45424	1.54407	-0.45078	1.54407	-0.44740	1.54407	-0.44414	
1.55630	-0.45851	1.55630	-0.45703	1.55630	-0.45547	1.55630	-0.45384	1.55630	-0.45215	1.55630	-0.44858	1.55630	-0.44672	1.55630	-0.44482	1.55630	-0.44289	1.55630	-0.44096	
1.56820	-0.45107	1.56820	-0.44912	1.56820	-0.44699	1.56820	-0.44468	1.56820	-0.44218	1.56820	-0.43665	1.56820	-0.43365	1.56820	-0.43053	1.56820	-0.42732	1.56820	-0.42406	
1.57978	-0.45413	1.57978	-0.44982	1.57978	-0.44508	1.57978	-0.43993	1.57978	-0.43444	1.57978	-0.42280	1.57978	-0.41689	1.57978	-0.41110	1.57978	-0.40553	1.57978	-0.40026	
1.59106	-0.43671	1.59106	-0.42903	1.59106	-0.42114	1.59106	-0.41327	1.59106	-0.40565	1.59106	-0.39201	1.59106	-0.38620	1.59106	-0.38110	1.59106	-0.37668	1.59106	-0.37286	
1.61278	-0.43005	1.61278	-0.42274	1.61278	-0.41522	1.61278	-0.40765	1.61278	-0.40017	1.61278	-0.38608	1.61278	-0.37966	1.61278	-0.37371	1.61278	-0.36824	1.61278	-0.36321	
1.62325	-0.40883	1.62325	-0.40610	1.62325	-0.40335	1.62325	-0.40063	1.62325	-0.39794	1.62325	-0.39273	1.62325	-0.39025	1.62325	-0.38785	1.62325	-0.38555	1.62325	-0.38335	
1.63347	-0.41762	1.63347	-0.41126	1.63347	-0.40419	1.63347	-0.39650	1.63347	-0.38830	1.63347	-0.37125	1.63347	-0.36287	1.63347	-0.35486	1.63347	-0.34738	1.63347	-0.34049	
1.64345	-0.41135	1.64345	-0.40507	1.64345	-0.39791	1.64345	-0.38982	1.64345	-0.38078	1.64345	-0.36030	1.64345	-0.34933	1.64345	-0.33835	1.64345	-0.32769	1.64345	-0.31766	
1.66276	-0.43502	1.66276	-0.42541	1.66276	-0.41400	1.66276	-0.40073	1.66276	-0.38576	1.66276	-0.35309	1.66276	-0.33708	1.66276	-0.32228	1.66276	-0.30908	1.66276	-0.29757	
1.67210	-0.45265	1.67210	-0.44331	1.67210	-0.43219	1.67210	-0.41913	1.67210	-0.40419	1.67210	-0.37041	1.67210	-0.35311	1.67210	-0.33667	1.67210	-0.32165	1.67210	-0.30834	
1.69020	-0.43019	1.69020	-0.42311	1.69020	-0.41477	1.69020	-0.40499	1.69020	-0.39363	1.69020	-0.36644	1.69020	-0.35137	1.69020	-0.33620	1.69020	-0.32164	1.69020	-0.30825	
1.69897	-0.45070	1.69897	-0.44145	1.69897	-0.43007	1.69897	-0.41619	1.69897	-0.39969	1.69897	-0.36084	1.69897	-0.34083	1.69897	-0.32220	1.69897	-0.30574	1.69897	-0.29167	
1.71600	-0.40754	1.71600	-0.39178	1.71600	-0.37380	1.71600	-0.35438	1.71600	-0.33485	1.71600	-0.30065	1.71600	-0.28728	1.71600	-0.27630	1.71600	-0.26731	1.71600	-0.25986	
1.72428	-0.36323	1.72428	-0.35124	1.72428	-0.33827	1.72428	-0.32486	1.72428	-0.31169	1.72428	-0.28832	1.72428	-0.27870	1.72428	-0.27044	1.72428	-0.26339	1.72428	-0.25735	
1.74036	-0.36104	1.74036	-0.34928	1.74036	-0.33660	1.74036	-0.32355	1.74036	-0.31078	1.74036	-0.28827	1.74036	-0.27908	1.74036	-0.27126	1.74036	-0.26465	1.74036	-0.25904	
1.74819	-0.36467	1.74819	-0.35371	1.74819	-0.34193	1.74819	-0.32976	1.74819	-0.31772	1.74819	-0.29586	1.74819	-0.28655	1.74819	-0.27839	1.74819	-0.27126	1.74819	-0.26504	
1.76343	-0.33934	1.76343	-0.33457	1.76343	-0.32916	1.76343	-0.32306	1.76343	-0.31627	1.76343	-0.30094	1.76343	-0.29273	1.76343	-0.28446	1.76343	-0.27637	1.76343	-0.26869	
1.77815	-0.35680	1.77815	-0.35068	1.77815	-0.34382	1.77815	-0.33611	1.77815	-0.32753	1.77815	-0.30802	1.77815	-0.29749	1.77815	-0.28690	1.77815	-0.27660	1.77815	-0.26692	
1.78533	-0.36783	1.78533	-0.35613	1.78533	-0.34321	1.78533	-0.32942	1.78533	-0.31532	1.78533	-0.28853	1.78533	-0.27673	1.78533	-0.26622	1.78533	-0.25699	1.78533	-0.24892	
1.79934	-0.25442	1.79934	-0.24829	1.79934	-0.24190	1.79934	-0.23542	1.79934	-0.22903	1.79934	-0.21721	1.79934	-0.21201	1.79934	-0.20736	1.79934	-0.20327	1.79934	-0.19969	
1.81291	-0.26369	1.81291	-0.25678	1.81291	-0.24945	1.81291	-0.24188	1.81291	-0.23432	1.81291	-0.22011	1.81291	-0.21381	1.81291	-0.20815	1.81291	-0.20315	1.81291	-0.19878	
1.82607	-0.27693	1.82607	-0.27030	1.82607	-0.26310	1.82607	-0.25543	1.82607	-0.24747	1.82607	-0.23151	1.82607	-0.22394	1.82607	-0.21686	1.82607	-0.21038	1.82607	-0.20452	
1.83885	-0.27626	1.83885	-0.26953	1.83885	-0.26217	1.83885	-0.25425	1.83885	-0.24596	1.83885	-0.22912	1.83885	-0.22104	1.83885	-0.21347	1.83885	-0.20650	1.83885	-0.20020	
1.85126	-0.25150	1.85126	-0.24675	1.85126	-0.24151	1.85126	-0.23579	1.85126	-0.22963	1.85126	-0.21644	1.85126	-0.20970	1.85126	-0.20308	1.85126	-0.19673	1.85126	-0.19077	
1.86332	-0.22865	1.86332	-0.22537	1.86332	-0.22163	1.86332	-0.21741	1.86332	-0.21270	1.86332	-0.20202	1.86332	-0.19624	1.86332	-0.19035	1.86332	-0.18451	1.86332	-0.17887	
1.88081	-0.24335	1.88081	-0.23910	1.88081	-0.23431	1.88081	-0.22895	1.88081	-0.22306	1.88081	-0.20999	1.88081	-0.20309	1.88081	-0.19621	1.88081	-0.18952	1.88081	-0.18319	
1.89209	-0.23824	1.89209	-0.23440	1.89209	-0.23005	1.89209	-0.22515	1.89209	-0.21973	1.89209	-0.20755	1.89209	-0.20104	1.89209	-0.19448	1.89209	-0.18806	1.89209	-0.18193	
1.90309	-0.24060	1.90309	-0.23686	1.90309	-0.23258	1.90309	-0.22774	1.90309	-0.22233	1.90309	-0.21006	1.90309	-0.20346	1.90309	-0.19679	1.90309	-0.19023	1.90309	-0.18396	
1.91908	-0.24357	1.91908	-0.23980	1.91908	-0.23543	1.91908	-0.23040	1.91908	-0.22470	1.91908	-0.21154	1.91908	-0.20438	1.91908	-0.19712	1.91908	-0.18999	1.91908	-0.18319	
1.92942	-0.21048	1.92942	-0.20545	1.92942	-0.19988	1.92942	-0.19383	1.92942	-0.18742	1.92942	-0.17421	1.92942	-0.16780	1.92942	-0.16175	1.92942	-0.15618	1.92942	-0.15115	
1.94448	-0.20343	1.94448	-0.19865	1.94448	-0.19340	1.94448	-0.18773	1.94448	-0.18173	1.94448	-0.16941	1.94448	-0.16342	1.94448	-0.15775	1.94448	-0.15249	1.94448	-0.14772	
1.95424	-0.20314	1.95424	-0.19795	1.95424	-0.19218	1.95424	-0.18590	1.95424	-0.17922	1.95424	-0.16545	1.95424	-0.15878	1.95424	-0.15249	1.95424	-0.14672	1.95424	-0.14153	
1.96848	-0.17309	1.96848	-0.16920	1.96848	-0.16500	1.96848	-0.16054	1.96848	-0.15588	1.96848	-0.14636	1.96848	-0.14170	1.96848	-0.13724	1.96848	-0.13304	1.96848	-0.12915	
1.98227	-0.16940	1.98227	-0.16490	1.98227	-0.15996	1.98227	-0.15466	1.98227	-0.14908	1.98227	-0.13764	1.98227	-0.13206	1.98227	-0.12676	1.98227	-0.12182	1.98227	-0.11732	
1.99564	-0.17111	1.99564	-0.16629	1.99564	-0.16096	1.99564	-0.15521	1.99564	-0.14912	1.99564	-0.13661	1.99564	-0.13053	1.99564	-0.12477	1.99564	-0.11945	1.99564	-0.11462	
2.00860	-0.16682	2.00860	-0.16182	2.00860	-0.15628	2.00860	-0.15027	2.00860	-0.14391	2.00860	-0.13081	2.00860	-0.12444	2.00860	-0.11844	2.00860	-0.11290	2.00860	-0.10790	
2.02119	-0.17711	2.02119	-0.17131	2.02119	-0.16476	2.02119	-0.15755	2.02119	-0.14981	2.02119	-0.13376	2.02119	-0.12603	2.02119	-0.11881	2.02119	-0.11227	2.02119	-0.10646	
2.03342	-0.18171	2.03342	-0.17596	2.03342	-0.16948	2.03342	-0.16234	2.03342	-0.15470	2.03342	-0.13885	2.03342	-0.13120	2.03342	-0.12406	2.03342	-0.11758	2.03342	-0.11183	
2.04532	-0.18719	2.04532	-0.18129	2.04532	-0.17463	2.04532	-0.16726	2.04532	-0.15935	2.04532	-0.14294	2.04532	-0.13503	2.04532	-0.12767	2.04532	-0.12100	2.04532	-0.11511	
2.05690	-0.19494	2.05690	-0.18882	2.05690	-0.18188	2.05690	-0.17417	2.05690	-0.16586	2.05690	-0.14859	2.05690	-0.14028	2.05690	-0.13257	2.05690	-0.12562	2.05690	-0.11951	
2.07188	-0.17395	2.07188	-0.16935	2.07188	-0.16430	2.07188	-0.15886	2.07188	-0.15313	2.07188	-0.14136	2.07188	-0.13563	2.07188	-0.13019	2.07188	-0.12514	2.07188	-0.12054	
2.08279	-0.18804	2.08279	-0.18252	2.08279	-0.17635	2.08279	-0.16959	2.08279	-0.16236	2.08279	-0.14742	2.08279	-0.14020	2.08279	-0.13344	2.08279	-0.12726	2.08279	-0.12175	
2.09691	-0.19748	2.09691	-0.19169	2.09691	-0.18517	2.09691	-0.17797	2.09691	-0.17026	2.09691	-0.15426	2.09691	-0.14655	2.09691	-0.13935	2.09691	-0.13283	2.09691	-0.12704	
2.11059	-0.08439	2.11059	-0.08439	2.11059	-0.08439	2.11059	-0.08439	2.11059	-0.08439	2.11059	-0.08439	2.11059	-0.08439	2.11059	-0.08439	2.11059	-0.08439	2.11059	-0.08439	
2.12385	-0.08870	2.12385	-0.08870	2.12385	-0.08870	2.12385	-0.08870	2.12385	-0.08870	2.12385	-0.08870	2.12385	-0.08870	2.12385	-0.08870	2.12385	-0.08870	2.12385	-0.08870	
2.13672	-0.09492	2.13672	-0.09492	2.13672	-0.09492	2.13672	-0.09492	2.13672	-0.09492	2.13672	-0.09492	2.13672	-0.09492	2.13672	-0.09492	2.13672	-0.09492	2.13672	-0.09492	
2.14922	-0.09974	2.14922	-0.09974	2.14922	-0.09974	2.14922	-0.09974	2.14922	-0.09974	2.14922	-0.09974	2.14922	-0.09974	2.14922	-0.09974	2.14922	-0.09974	2.14922	-0.09974	
2.16137	-0.10108	2.16137	-0.10108	2.16137	-0.10108	2.16137	-0.10108	2.16137	-0.10108	2.16137	-0.10108	2.16137	-0.10108	2.16137	-0.10108	2.16137	-0.10108	2.16137	-0.10108	
2.17319	-0.10018	2.17319	-0.10018	2.17319	-0.10018	2.17319	-0.10018	2.17319	-0.10018	2.17319	-0.10018	2.17319	-0.10018	2.17319	-0.10018	2.17319	-0.10018	2.17319	-0.10018	
2.18752	-0.10369	2.18752	-0.10369	2.18752	-0.10369	2.18752	-0.10369	2.18752	-0.10369	2.18752	-0.10369	2.18752	-0.10369	2.18752	-0.10369	2.18752	-0.10369	2.18752	-0.10369	
2.19866	-0.10682	2.19866	-0.10682	2.19866	-0.10682	2.19866	-0.10682	2.19866	-0.10682	2.19866	-0.10682	2.19866	-0.10682	2.19866	-0.10682	2.19866	-0.10682	2.19866	-0.10682	
2.21219	-0.10983	2.21219	-0.10983	2.21219	-0.10983	2.21219	-0.10983	2.21219	-0.10983	2.21219	-0.10983	2.21219	-0.10983	2.21219	-0.10983	2.21219	-0.10983	2.21219	-0.10983	
2.22531	-0.11136	2.22531	-0.11136	2.22531	-0.11136	2.22531	-0.11136	2.22531	-0.11136	2.22531	-0.11136	2.22531	-0.11136	2.22531	-0.11136	2.22531	-0.11136	2.22531	-0.11136	
2.23805	-0.10782	2.23805	-0.10782	2.23805	-0.10782	2.23805	-0.10782	2.23805	-0.10782	2.23805	-0.10782	2.23805	-0.10782	2.23805	-0.10782	2.23805	-0.10782	2.23805	-0.10782	
2.25042	-0.10574	2.25042	-0.10574	2.25042	-0.10574	2.25042	-0.10574	2.25042	-0.10574	2.25042	-0.10574	2.25042	-0.10574	2.25042	-0.10574	2.25042	-0.10574	2.25042	-0.10574	
2.26482	-0.10964	2.26482	-0.10964	2.26482	-0.10964	2.26482	-0.10964	2.26482	-0.10964	2.26482	-0.10964	2.26482	-0.10964	2.26482	-0.10964	2.26482	-0.10964	2.26482	-0.10964	
2.27646	-0.10889	2.27646	-0.10889	2.27646	-0.10889	2.27646	-0.10889	2.27646	-0.10889	2.27646	-0.10889	2.27646	-0.10889	2.27646	-0.10889	2.27646	-0.10889	2.27646	-0.10889	
2.29003	-0.11293	2.29003	-0.11293	2.29003	-0.11293	2.29003	-0.11293	2.29003	-0.11293	2.29003	-0.11293	2.29003	-0.11293	2.29003	-0.11293	2.29003	-0.11293	2.29003	-0.11293	
2.30320	-0.11879	2.30320	-0.11879	2.30320	-0.11879	2.30320	-0.11879	2.30320	-0.11879	2.30320	-0.11879	2.30320	-0.11879	2.30320	-0.11879	2.30320	-0.11879	2.30320	-0.11879	
2.31597	-0.12141	2.31597	-0.12141	2.31597	-0.12141	2.31597	-0.12141	2.31597	-0.12141	2.31597	-0.12141	2.31597	-0.12141	2.31597	-0.12141	2.31597	-0.12141	2.31597	-0.12141	
2.32838	-0.12692	2.32838	-0.12692	2.32838	-0.12692	2.32838	-0.12692	2.32838	-0.12692	2.32838	-0.12692	2.32838	-0.12692	2.32838	-0.12692	2.32838	-0.12692	2.32838	-0.12692	
2.34044	-0.13059	2.34044	-0.13059	2.34044	-0.13059	2.34044	-0.13059	2.34044	-0.13059	2.34044	-0.13059	2.34044	-0.13059	2.34044	-0.13059	2.34044	-0.13059	2.34044	-0.13059	
2.35411	-0.13658	2.35411	-0.13658	2.35411	-0.13658	2.35411	-0.13658	2.35411	-0.13658	2.35411	-0.13658	2.35411	-0.13658	2.35411	-0.13658	2.35411	-0.13658	2.35411	-0.13658	
2.36736	-0.13263	2.36736	-0.13263	2.36736	-0.13263	2.36736	-0.13263	2.36736	-0.13263	2.36736	-0.13263	2.36736	-0.13263	2.36736	-0.13263	2.36736	-0.13263	2.36736	-0.13263	
2.38021	-0.12929	2.38021	-0.12929	2.38021	-0.12929	2.38021	-0.12929	2.38021	-0.12929	2.38021	-0.12929	2.38021	-0.12929	2.38021	-0.12929	2.38021	-0.12929	2.38021	-0.12929	
