# MesswertTabelle
#
# M e s s w e r t t a b e l l e  der Reihen:
#
# 1 _ln_raw_0 (q=-5.0) [97,97] Werte
# 1 _ln_raw_0 (q=-4.0) [97,97] Werte
# 1 _ln_raw_0 (q=-3.0) [97,97] Werte
# 1 _ln_raw_0 (q=-2.0) [97,97] Werte
# 1 _ln_raw_0 (q=-1.0) [97,97] Werte
# 1 _ln_raw_0 (q=1.0) [97,97] Werte
# 1 _ln_raw_0 (q=2.0) [97,97] Werte
# 1 _ln_raw_0 (q=3.0) [97,97] Werte
# 1 _ln_raw_0 (q=4.0) [97,97] Werte
# 1 _ln_raw_0 (q=5.0) [97,97] Werte
#
#
#s	F(s)	s	F(s)	s	F(s)	s	F(s)	s	F(s)	s	F(s)	s	F(s)	s	F(s)	s	F(s)	s	F(s)	
0.60206	-5.71354	0.60206	-5.62392	0.60206	-5.47456	0.60206	-5.17609	0.60206	-4.32060	0.60206	-2.62701	0.60206	-2.45264	0.60206	-2.33829	0.60206	-2.26053	0.60206	-2.20532	
0.69897	-3.50652	0.69897	-3.43596	0.69897	-3.32705	0.69897	-3.14497	0.69897	-2.85817	0.69897	-2.42034	0.69897	-2.32340	0.69897	-2.25762	0.69897	-2.20870	0.69897	-2.16999	
0.77815	-3.01912	0.77815	-2.95026	0.77815	-2.85335	0.77815	-2.72228	0.77815	-2.56653	0.77815	-2.28652	0.77815	-2.19313	0.77815	-2.12416	0.77815	-2.07030	0.77815	-2.02640	
0.84510	-3.03557	0.84510	-2.95899	0.84510	-2.83508	0.84510	-2.62452	0.84510	-2.35436	0.84510	-2.11131	0.84510	-2.05744	0.84510	-2.01613	0.84510	-1.98354	0.84510	-1.95760	
0.90309	-2.57705	0.90309	-2.51846	0.90309	-2.43890	0.90309	-2.33619	0.90309	-2.22028	0.90309	-2.01494	0.90309	-1.93936	0.90309	-1.88158	0.90309	-1.83773	0.90309	-1.80377	
0.95424	-2.52114	0.95424	-2.45462	0.95424	-2.35766	0.95424	-2.22717	0.95424	-2.09403	0.95424	-1.93210	0.95424	-1.88733	0.95424	-1.85506	0.95424	-1.83123	0.95424	-1.81317	
1.00000	-2.29658	1.00000	-2.24495	1.00000	-2.17460	1.00000	-2.08454	1.00000	-1.98714	1.00000	-1.83784	1.00000	-1.78945	1.00000	-1.75268	1.00000	-1.72427	1.00000	-1.70192	
1.04139	-2.01048	1.04139	-1.98364	1.04139	-1.95230	1.04139	-1.91636	1.04139	-1.87661	1.04139	-1.79469	1.04139	-1.75780	1.04139	-1.72557	1.04139	-1.69803	1.04139	-1.67464	
1.07918	-2.06337	1.07918	-2.03502	1.07918	-1.99627	1.07918	-1.94209	1.07918	-1.86915	1.07918	-1.70937	1.07918	-1.65339	1.07918	-1.61480	1.07918	-1.58780	1.07918	-1.56814	
1.11394	-2.05949	1.11394	-2.02805	1.11394	-1.98594	1.11394	-1.92867	1.11394	-1.85370	1.11394	-1.69026	1.11394	-1.63091	1.11394	-1.58903	1.11394	-1.55935	1.11394	-1.53759	
1.14613	-1.95001	1.14613	-1.91782	1.14613	-1.87581	1.14613	-1.82343	1.14613	-1.76442	1.14613	-1.65587	1.14613	-1.61405	1.14613	-1.57995	1.14613	-1.55214	1.14613	-1.52941	
1.17609	-1.90644	1.17609	-1.87864	1.17609	-1.84344	1.17609	-1.79894	1.17609	-1.74439	1.17609	-1.62192	1.17609	-1.56947	1.17609	-1.52808	1.17609	-1.49640	1.17609	-1.47202	
1.20412	-1.80253	1.20412	-1.77867	1.20412	-1.74937	1.20412	-1.71268	1.20412	-1.66701	1.20412	-1.55825	1.20412	-1.50873	1.20412	-1.46863	1.20412	-1.43743	1.20412	-1.41319	
1.23045	-1.79700	1.23045	-1.78126	1.23045	-1.76074	1.23045	-1.73333	1.23045	-1.69645	1.23045	-1.59291	1.23045	-1.53636	1.23045	-1.48598	1.23045	-1.44434	1.23045	-1.41088	
1.25527	-1.80042	1.25527	-1.77126	1.25527	-1.73360	1.25527	-1.68655	1.25527	-1.63193	1.25527	-1.52009	1.25527	-1.47083	1.25527	-1.42761	1.25527	-1.39053	1.25527	-1.35943	
1.27875	-1.83806	1.27875	-1.82083	1.27875	-1.79713	1.27875	-1.76273	1.27875	-1.71109	1.27875	-1.54561	1.27875	-1.45975	1.27875	-1.39258	1.27875	-1.34334	1.27875	-1.30711	
1.30103	-1.77924	1.30103	-1.74087	1.30103	-1.69251	1.30103	-1.63534	1.30103	-1.57411	1.30103	-1.45589	1.30103	-1.39981	1.30103	-1.34737	1.30103	-1.30176	1.30103	-1.26458	
1.32222	-1.72364	1.32222	-1.70437	1.32222	-1.67974	1.32222	-1.64762	1.32222	-1.60507	1.32222	-1.47681	1.32222	-1.39668	1.32222	-1.32285	1.32222	-1.26440	1.32222	-1.22113	
1.34242	-1.64009	1.34242	-1.62157	1.34242	-1.59821	1.34242	-1.56817	1.34242	-1.52893	1.34242	-1.41449	1.34242	-1.34531	1.34242	-1.28122	1.34242	-1.22907	1.34242	-1.18921	
1.36173	-1.67067	1.36173	-1.65046	1.36173	-1.62243	1.36173	-1.58229	1.36173	-1.52427	1.36173	-1.35250	1.36173	-1.26775	1.36173	-1.20301	1.36173	-1.15712	1.36173	-1.12464	
1.38021	-1.65769	1.38021	-1.63546	1.38021	-1.60630	1.38021	-1.56688	1.38021	-1.51274	1.38021	-1.35532	1.38021	-1.27230	1.38021	-1.20465	1.38021	-1.15424	1.38021	-1.11736	
1.39794	-1.56839	1.39794	-1.54925	1.39794	-1.52490	1.39794	-1.49350	1.39794	-1.45253	1.39794	-1.33276	1.39794	-1.26045	1.39794	-1.19439	1.39794	-1.14166	1.39794	-1.10202	
1.41497	-1.56405	1.41497	-1.54401	1.41497	-1.51808	1.41497	-1.48411	1.41497	-1.43914	1.41497	-1.30674	1.41497	-1.22945	1.41497	-1.16187	1.41497	-1.10980	1.41497	-1.07146	
1.43136	-1.53551	1.43136	-1.51673	1.43136	-1.49166	1.43136	-1.45748	1.43136	-1.41009	1.43136	-1.26602	1.43136	-1.18689	1.43136	-1.12243	1.43136	-1.07510	1.43136	-1.04097	
1.44716	-1.53980	1.44716	-1.51877	1.44716	-1.49124	1.44716	-1.45504	1.44716	-1.40736	1.44716	-1.26831	1.44716	-1.18703	1.44716	-1.11650	1.44716	-1.06310	1.44716	-1.02456	
1.46240	-1.55756	1.46240	-1.54103	1.46240	-1.51811	1.46240	-1.48452	1.46240	-1.43175	1.46240	-1.23550	1.46240	-1.13183	1.46240	-1.05938	1.46240	-1.01252	1.46240	-0.98128	
1.47712	-1.53499	1.47712	-1.51160	1.47712	-1.47976	1.47712	-1.43635	1.47712	-1.37831	1.47712	-1.21963	1.47712	-1.13635	1.47712	-1.06720	1.47712	-1.01545	1.47712	-0.97796	
1.49136	-1.49923	1.49136	-1.47723	1.49136	-1.44810	1.49136	-1.40930	1.49136	-1.35736	1.49136	-1.20428	1.49136	-1.11866	1.49136	-1.04779	1.49136	-0.99563	1.49136	-0.95830	
1.50515	-1.49471	1.50515	-1.47633	1.50515	-1.45318	1.50515	-1.42304	1.50515	-1.38116	1.50515	-1.22468	1.50515	-1.11818	1.50515	-1.03113	1.50515	-0.97146	1.50515	-0.93154	
1.51851	-1.39092	1.51851	-1.37158	1.51851	-1.34560	1.51851	-1.30928	1.51851	-1.25723	1.51851	-1.10296	1.51851	-1.02742	1.51851	-0.96998	1.51851	-0.92910	1.51851	-0.89983	
1.53148	-1.35388	1.53148	-1.33676	1.53148	-1.31495	1.53148	-1.28559	1.53148	-1.24389	1.53148	-1.10858	1.53148	-1.03215	1.53148	-0.97014	1.53148	-0.92487	1.53148	-0.89236	
1.54407	-1.33986	1.54407	-1.32978	1.54407	-1.31530	1.54407	-1.29288	1.54407	-1.25576	1.54407	-1.10936	1.54407	-1.02267	1.54407	-0.95566	1.54407	-0.90919	1.54407	-0.87686	
1.55630	-1.33631	1.55630	-1.32736	1.55630	-1.31430	1.55630	-1.29381	1.55630	-1.25934	1.55630	-1.11294	1.55630	-1.01860	1.55630	-0.94399	1.55630	-0.89261	1.55630	-0.85762	
1.56820	-1.35132	1.56820	-1.34122	1.56820	-1.32730	1.56820	-1.30637	1.56820	-1.27173	1.56820	-1.11809	1.56820	-1.01521	1.56820	-0.93465	1.56820	-0.88040	1.56820	-0.84415	
1.57978	-1.35029	1.57978	-1.33301	1.57978	-1.31037	1.57978	-1.27918	1.57978	-1.23375	1.57978	-1.07664	1.57978	-0.98490	1.57978	-0.91244	1.57978	-0.86180	1.57978	-0.82693	
1.59106	-1.34694	1.59106	-1.32627	1.59106	-1.29872	1.59106	-1.25987	1.59106	-1.20206	1.59106	-1.01862	1.59106	-0.93199	1.59106	-0.87079	1.59106	-0.82963	1.59106	-0.80112	
1.61278	-1.31216	1.61278	-1.29524	1.61278	-1.27228	1.61278	-1.23934	1.61278	-1.18945	1.61278	-1.01801	1.61278	-0.92612	1.61278	-0.85713	1.61278	-0.80963	1.61278	-0.77673	
1.62325	-1.33613	1.62325	-1.31988	1.62325	-1.29771	1.62325	-1.26590	1.62325	-1.21691	1.62325	-1.02709	1.62325	-0.91716	1.62325	-0.83791	1.62325	-0.78682	1.62325	-0.75342	
1.63347	-1.36478	1.63347	-1.34542	1.63347	-1.31747	1.63347	-1.27532	1.63347	-1.21024	1.63347	-0.99808	1.63347	-0.89502	1.63347	-0.82200	1.63347	-0.77375	1.63347	-0.74140	
1.64345	-1.39753	1.64345	-1.37541	1.64345	-1.34300	1.64345	-1.29220	1.64345	-1.20966	1.64345	-0.95850	1.64345	-0.86069	1.64345	-0.79683	1.64345	-0.75478	1.64345	-0.72581	
1.66276	-1.47124	1.66276	-1.44385	1.66276	-1.40579	1.66276	-1.35091	1.66276	-1.26768	1.66276	-0.98952	1.66276	-0.86596	1.66276	-0.78673	1.66276	-0.73724	1.66276	-0.70479	
1.67210	-1.49871	1.67210	-1.46973	1.67210	-1.42846	1.67210	-1.36671	1.67210	-1.26824	1.67210	-0.94800	1.67210	-0.83016	1.67210	-0.76040	1.67210	-0.71731	1.67210	-0.68846	
1.69020	-1.35889	1.69020	-1.34059	1.69020	-1.31459	1.69020	-1.27402	1.69020	-1.20410	1.69020	-0.93576	1.69020	-0.81806	1.69020	-0.74444	1.69020	-0.69839	1.69020	-0.66773	
1.69897	-1.24756	1.69897	-1.23198	1.69897	-1.21023	1.69897	-1.17740	1.69897	-1.12372	1.69897	-0.91844	1.69897	-0.81154	1.69897	-0.73740	1.69897	-0.68941	1.69897	-0.65747	
1.71600	-1.25003	1.71600	-1.23198	1.71600	-1.20827	1.71600	-1.17476	1.71600	-1.12113	1.71600	-0.89321	1.71600	-0.77180	1.71600	-0.69384	1.71600	-0.64708	1.71600	-0.61756	
1.72428	-1.24523	1.72428	-1.22829	1.72428	-1.20593	1.72428	-1.17383	1.72428	-1.12108	1.72428	-0.88710	1.72428	-0.76209	1.72428	-0.68294	1.72428	-0.63589	1.72428	-0.60631	
1.74036	-1.22196	1.74036	-1.20123	1.74036	-1.17210	1.74036	-1.12868	1.74036	-1.06013	1.74036	-0.82796	1.74036	-0.72343	1.74036	-0.65502	1.74036	-0.61193	1.74036	-0.58369	
1.74819	-1.22579	1.74819	-1.20322	1.74819	-1.17098	1.74819	-1.12213	1.74819	-1.04486	1.74819	-0.80315	1.74819	-0.70429	1.74819	-0.64034	1.74819	-0.59950	1.74819	-0.57225	
1.76343	-1.21836	1.76343	-1.19334	1.76343	-1.15741	1.76343	-1.10387	1.76343	-1.02275	1.76343	-0.78412	1.76343	-0.68573	1.76343	-0.62084	1.76343	-0.57918	1.76343	-0.55146	
1.77815	-1.23680	1.77815	-1.21052	1.77815	-1.17195	1.77815	-1.11303	1.77815	-1.02211	1.77815	-0.76387	1.77815	-0.66472	1.77815	-0.60063	1.77815	-0.55955	1.77815	-0.53212	
1.78533	-1.24790	1.78533	-1.22068	1.78533	-1.18016	1.78533	-1.11756	1.78533	-1.02099	1.78533	-0.75514	1.78533	-0.65530	1.78533	-0.59075	1.78533	-0.54935	1.78533	-0.52176	
1.79934	-1.30747	1.79934	-1.28480	1.79934	-1.24964	1.79934	-1.19086	1.79934	-1.08563	1.79934	-0.72328	1.79934	-0.60322	1.79934	-0.53801	1.79934	-0.50064	1.79934	-0.47726	
1.81291	-1.31975	1.81291	-1.29769	1.81291	-1.26409	1.81291	-1.20882	1.81291	-1.10861	1.81291	-0.71919	1.81291	-0.58611	1.81291	-0.51702	1.81291	-0.47868	1.81291	-0.45505	
1.82607	-1.31838	1.82607	-1.29774	1.82607	-1.26721	1.82607	-1.21796	1.82607	-1.12639	1.82607	-0.71312	1.82607	-0.56775	1.82607	-0.49566	1.82607	-0.45669	1.82607	-0.43294	
1.83885	-1.20047	1.83885	-1.18328	1.83885	-1.15862	1.83885	-1.11905	1.83885	-1.04375	1.83885	-0.68354	1.83885	-0.54425	1.83885	-0.47283	1.83885	-0.43393	1.83885	-0.41017	
1.85126	-1.15457	1.85126	-1.13937	1.85126	-1.11751	1.85126	-1.08176	1.85126	-1.01170	1.85126	-0.66399	1.85126	-0.52567	1.85126	-0.45428	1.85126	-0.41535	1.85126	-0.39160	
1.86332	-1.15969	1.86332	-1.13977	1.86332	-1.11063	1.86332	-1.06433	1.86332	-0.98115	1.86332	-0.63510	1.86332	-0.50458	1.86332	-0.43539	1.86332	-0.39694	1.86332	-0.37327	
1.88081	-1.11277	1.88081	-1.09075	1.88081	-1.05731	1.88081	-1.00295	1.88081	-0.90875	1.88081	-0.58594	1.88081	-0.47144	1.88081	-0.40730	1.88081	-0.37015	1.88081	-0.34682	
1.89209	-1.04780	1.89209	-1.02722	1.89209	-0.99689	1.89209	-0.94903	1.89209	-0.86705	1.89209	-0.56910	1.89209	-0.45474	1.89209	-0.38989	1.89209	-0.35245	1.89209	-0.32902	
1.90309	-1.02134	1.90309	-1.00131	1.90309	-0.97207	1.90309	-0.92614	1.90309	-0.84722	1.90309	-0.55304	1.90309	-0.43794	1.90309	-0.37268	1.90309	-0.33510	1.90309	-0.31164	
1.91908	-1.01888	1.91908	-0.99954	1.91908	-0.97149	1.91908	-0.92733	1.91908	-0.84948	1.91908	-0.53758	1.91908	-0.41524	1.91908	-0.34787	1.91908	-0.30978	1.91908	-0.28619	
1.92942	-1.05330	1.92942	-1.03826	1.92942	-1.01338	1.92942	-0.96585	1.92942	-0.85986	1.92942	-0.42890	1.92942	-0.32290	1.92942	-0.27537	1.92942	-0.25049	1.92942	-0.23546	
1.94448	-1.04275	1.94448	-1.02771	1.94448	-1.00281	1.94448	-0.95517	1.94448	-0.84821	1.94448	-0.40876	1.94448	-0.30180	1.94448	-0.25416	1.94448	-0.22926	1.94448	-0.21422	
1.95424	-1.03482	1.95424	-1.01978	1.95424	-0.99488	1.95424	-0.94717	1.95424	-0.83978	1.95424	-0.39638	1.95424	-0.28899	1.95424	-0.24129	1.95424	-0.21639	1.95424	-0.20135	
1.96848	-0.95562	1.96848	-0.94060	1.96848	-0.91579	1.96848	-0.86885	1.96848	-0.76716	1.96848	-0.37221	1.96848	-0.27052	1.96848	-0.22358	1.96848	-0.19877	1.96848	-0.18375	
1.98227	-0.87842	1.98227	-0.86341	1.98227	-0.83874	1.98227	-0.79276	1.98227	-0.69724	1.98227	-0.34801	1.98227	-0.25250	1.98227	-0.20652	1.98227	-0.18184	1.98227	-0.16684	
1.99564	-0.87238	1.99564	-0.85737	1.99564	-0.83266	1.99564	-0.78643	1.99564	-0.68940	1.99564	-0.32954	1.99564	-0.23251	1.99564	-0.18628	1.99564	-0.16157	1.99564	-0.14656	
2.00860	-0.88103	2.00860	-0.86601	2.00860	-0.84124	2.00860	-0.79459	2.00860	-0.69486	2.00860	-0.31507	2.00860	-0.21534	2.00860	-0.16869	2.00860	-0.14392	2.00860	-0.12890	
2.02119	-0.89025	2.02119	-0.87523	2.02119	-0.85041	2.02119	-0.80340	2.02119	-0.70126	2.02119	-0.30263	2.02119	-0.20048	2.02119	-0.15348	2.02119	-0.12866	2.02119	-0.11363	
2.03342	-0.84776	2.03342	-0.83274	2.03342	-0.80797	2.03342	-0.76135	2.03342	-0.66183	2.03342	-0.28362	2.03342	-0.18410	2.03342	-0.13748	2.03342	-0.11271	2.03342	-0.09769	
2.04532	-0.69476	2.04532	-0.67982	2.04532	-0.65553	2.04532	-0.61181	2.04532	-0.52797	2.04532	-0.25122	2.04532	-0.16737	2.04532	-0.12365	2.04532	-0.09936	2.04532	-0.08442	
2.05690	-0.63643	2.05690	-0.62154	2.05690	-0.59753	2.05690	-0.55518	2.05690	-0.47721	2.05690	-0.23155	2.05690	-0.15358	2.05690	-0.11123	2.05690	-0.08722	2.05690	-0.07233	
2.07188	-0.64854	2.07188	-0.63361	2.07188	-0.60942	2.07188	-0.56618	2.07188	-0.48449	2.07188	-0.21951	2.07188	-0.13782	2.07188	-0.09458	2.07188	-0.07039	2.07188	-0.05547	
2.08279	-0.66934	2.08279	-0.65438	2.08279	-0.63002	2.08279	-0.58591	2.08279	-0.50025	2.08279	-0.21324	2.08279	-0.12759	2.08279	-0.08347	2.08279	-0.05911	2.08279	-0.04416	
2.09691	-0.69723	2.09691	-0.68224	2.09691	-0.65771	2.09691	-0.61262	2.09691	-0.52206	2.09691	-0.20559	2.09691	-0.11504	2.09691	-0.06995	2.09691	-0.04541	2.09691	-0.03043	
2.11059	0.04250	2.11059	0.04250	2.11059	0.04250	2.11059	0.04250	2.11059	0.04250	2.11059	0.04250	2.11059	0.04250	2.11059	0.04250	2.11059	0.04250	2.11059	0.04250	
2.12385	0.05504	2.12385	0.05504	2.12385	0.05504	2.12385	0.05504	2.12385	0.05504	2.12385	0.05504	2.12385	0.05504	2.12385	0.05504	2.12385	0.05504	2.12385	0.05504	
2.13672	0.06804	2.13672	0.06804	2.13672	0.06804	2.13672	0.06804	2.13672	0.06804	2.13672	0.06804	2.13672	0.06804	2.13672	0.06804	2.13672	0.06804	2.13672	0.06804	
2.14922	0.08140	2.14922	0.08140	2.14922	0.08140	2.14922	0.08140	2.14922	0.08140	2.14922	0.08140	2.14922	0.08140	2.14922	0.08140	2.14922	0.08140	2.14922	0.08140	
2.16137	0.09251	2.16137	0.09251	2.16137	0.09251	2.16137	0.09251	2.16137	0.09251	2.16137	0.09251	2.16137	0.09251	2.16137	0.09251	2.16137	0.09251	2.16137	0.09251	
2.17319	0.10196	2.17319	0.10196	2.17319	0.10196	2.17319	0.10196	2.17319	0.10196	2.17319	0.10196	2.17319	0.10196	2.17319	0.10196	2.17319	0.10196	2.17319	0.10196	
2.18752	0.10998	2.18752	0.10998	2.18752	0.10998	2.18752	0.10998	2.18752	0.10998	2.18752	0.10998	2.18752	0.10998	2.18752	0.10998	2.18752	0.10998	2.18752	0.10998	
2.19866	0.11562	2.19866	0.11562	2.19866	0.11562	2.19866	0.11562	2.19866	0.11562	2.19866	0.11562	2.19866	0.11562	2.19866	0.11562	2.19866	0.11562	2.19866	0.11562	
2.21219	0.12237	2.21219	0.12237	2.21219	0.12237	2.21219	0.12237	2.21219	0.12237	2.21219	0.12237	2.21219	0.12237	2.21219	0.12237	2.21219	0.12237	2.21219	0.12237	
2.22531	0.12975	2.22531	0.12975	2.22531	0.12975	2.22531	0.12975	2.22531	0.12975	2.22531	0.12975	2.22531	0.12975	2.22531	0.12975	2.22531	0.12975	2.22531	0.12975	
2.23805	0.13783	2.23805	0.13783	2.23805	0.13783	2.23805	0.13783	2.23805	0.13783	2.23805	0.13783	2.23805	0.13783	2.23805	0.13783	2.23805	0.13783	2.23805	0.13783	
2.25042	0.14471	2.25042	0.14471	2.25042	0.14471	2.25042	0.14471	2.25042	0.14471	2.25042	0.14471	2.25042	0.14471	2.25042	0.14471	2.25042	0.14471	2.25042	0.14471	
2.26482	0.15410	2.26482	0.15410	2.26482	0.15410	2.26482	0.15410	2.26482	0.15410	2.26482	0.15410	2.26482	0.15410	2.26482	0.15410	2.26482	0.15410	2.26482	0.15410	
2.27646	0.16360	2.27646	0.16360	2.27646	0.16360	2.27646	0.16360	2.27646	0.16360	2.27646	0.16360	2.27646	0.16360	2.27646	0.16360	2.27646	0.16360	2.27646	0.16360	
2.29003	0.17356	2.29003	0.17356	2.29003	0.17356	2.29003	0.17356	2.29003	0.17356	2.29003	0.17356	2.29003	0.17356	2.29003	0.17356	2.29003	0.17356	2.29003	0.17356	
2.30320	0.18141	2.30320	0.18141	2.30320	0.18141	2.30320	0.18141	2.30320	0.18141	2.30320	0.18141	2.30320	0.18141	2.30320	0.18141	2.30320	0.18141	2.30320	0.18141	
2.31597	0.18865	2.31597	0.18865	2.31597	0.18865	2.31597	0.18865	2.31597	0.18865	2.31597	0.18865	2.31597	0.18865	2.31597	0.18865	2.31597	0.18865	2.31597	0.18865	
2.32838	0.19621	2.32838	0.19621	2.32838	0.19621	2.32838	0.19621	2.32838	0.19621	2.32838	0.19621	2.32838	0.19621	2.32838	0.19621	2.32838	0.19621	2.32838	0.19621	
2.34044	0.20767	2.34044	0.20767	2.34044	0.20767	2.34044	0.20767	2.34044	0.20767	2.34044	0.20767	2.34044	0.20767	2.34044	0.20767	2.34044	0.20767	2.34044	0.20767	
2.35411	0.22450	2.35411	0.22450	2.35411	0.22450	2.35411	0.22450	2.35411	0.22450	2.35411	0.22450	2.35411	0.22450	2.35411	0.22450	2.35411	0.22450	2.35411	0.22450	
2.36736	0.23792	2.36736	0.23792	2.36736	0.23792	2.36736	0.23792	2.36736	0.23792	2.36736	0.23792	2.36736	0.23792	2.36736	0.23792	2.36736	0.23792	2.36736	0.23792	
2.38021	0.24872	2.38021	0.24872	2.38021	0.24872	2.38021	0.24872	2.38021	0.24872	2.38021	0.24872	2.38021	0.24872	2.38021	0.24872	2.38021	0.24872	2.38021	0.24872	
