# MesswertTabelle
#
# M e s s w e r t t a b e l l e  der Reihen:
#
# 2 _ln_raw_0 (q=-5.0) [97,97] Werte
# 2 _ln_raw_0 (q=-4.0) [97,97] Werte
# 2 _ln_raw_0 (q=-3.0) [97,97] Werte
# 2 _ln_raw_0 (q=-2.0) [97,97] Werte
# 2 _ln_raw_0 (q=-1.0) [97,97] Werte
# 2 _ln_raw_0 (q=1.0) [97,97] Werte
# 2 _ln_raw_0 (q=2.0) [97,97] Werte
# 2 _ln_raw_0 (q=3.0) [97,97] Werte
# 2 _ln_raw_0 (q=4.0) [97,97] Werte
# 2 _ln_raw_0 (q=5.0) [97,97] Werte
#
#
#s	F(s)	s	F(s)	s	F(s)	s	F(s)	s	F(s)	s	F(s)	s	F(s)	s	F(s)	s	F(s)	s	F(s)	
0.60206	-4.37713	0.60206	-4.29476	0.60206	-4.16561	0.60206	-3.94533	0.60206	-3.59190	0.60206	-2.98457	0.60206	-2.80839	0.60206	-2.69164	0.60206	-2.61241	0.60206	-2.55600	
0.69897	-3.35411	0.69897	-3.29679	0.69897	-3.22280	0.69897	-3.12755	0.69897	-3.00262	0.69897	-2.65978	0.69897	-2.50376	0.69897	-2.38176	0.69897	-2.29003	0.69897	-2.22250	
0.77815	-3.08041	0.77815	-3.04606	0.77815	-2.99500	0.77815	-2.91503	0.77815	-2.79253	0.77815	-2.49135	0.77815	-2.35049	0.77815	-2.21926	0.77815	-2.11631	0.77815	-2.04310	
0.84510	-2.99690	0.84510	-2.95731	0.84510	-2.90026	0.84510	-2.81461	0.84510	-2.68901	0.84510	-2.37664	0.84510	-2.21983	0.84510	-2.07938	0.84510	-1.97566	0.84510	-1.90430	
0.90309	-2.93957	0.90309	-2.88508	0.90309	-2.81161	0.90309	-2.71691	0.90309	-2.60532	0.90309	-2.31104	0.90309	-2.11069	0.90309	-1.94843	0.90309	-1.84207	0.90309	-1.77236	
0.95424	-2.68444	0.95424	-2.63841	0.95424	-2.57818	0.95424	-2.50527	0.95424	-2.42495	0.95424	-2.19331	0.95424	-2.00615	0.95424	-1.84768	0.95424	-1.74341	0.95424	-1.67542	
1.00000	-2.51425	1.00000	-2.47720	1.00000	-2.43230	1.00000	-2.37863	1.00000	-2.31273	1.00000	-2.07396	1.00000	-1.89522	1.00000	-1.75439	1.00000	-1.66137	1.00000	-1.59914	
1.04139	-2.56569	1.04139	-2.51333	1.04139	-2.44471	1.04139	-2.35936	1.04139	-2.26050	1.04139	-2.00404	1.04139	-1.83764	1.04139	-1.69701	1.04139	-1.60107	1.04139	-1.53747	
1.07918	-2.32934	1.07918	-2.30024	1.07918	-2.26165	1.07918	-2.21004	1.07918	-2.14118	1.07918	-1.92326	1.07918	-1.77388	1.07918	-1.64418	1.07918	-1.55329	1.07918	-1.49217	
1.11394	-2.27659	1.11394	-2.25145	1.11394	-2.21897	1.11394	-2.17586	1.11394	-2.11584	1.11394	-1.88761	1.11394	-1.72301	1.11394	-1.58936	1.11394	-1.49941	1.11394	-1.43956	
1.14613	-2.25546	1.14613	-2.23058	1.14613	-2.19835	1.14613	-2.15545	1.14613	-2.09616	1.14613	-1.86395	1.14613	-1.68316	1.14613	-1.53932	1.14613	-1.44685	1.14613	-1.38726	
1.17609	-2.10346	1.17609	-2.08277	1.17609	-2.05681	1.17609	-2.02226	1.17609	-1.97268	1.17609	-1.76908	1.17609	-1.60979	1.17609	-1.47738	1.17609	-1.38909	1.17609	-1.33126	
1.20412	-2.14429	1.20412	-2.12054	1.20412	-2.08929	1.20412	-2.04703	1.20412	-1.98706	1.20412	-1.74634	1.20412	-1.56828	1.20412	-1.43053	1.20412	-1.34231	1.20412	-1.28540	
1.23045	-2.35037	1.23045	-2.30562	1.23045	-2.24592	1.23045	-2.16784	1.23045	-2.06782	1.23045	-1.74137	1.23045	-1.53462	1.23045	-1.39020	1.23045	-1.30210	1.23045	-1.24622	
1.25527	-2.13762	1.25527	-2.11121	1.25527	-2.07668	1.25527	-2.03094	1.25527	-1.96844	1.25527	-1.70847	1.25527	-1.50620	1.25527	-1.36046	1.25527	-1.27273	1.25527	-1.21778	
1.27875	-2.06420	1.27875	-2.04169	1.27875	-2.01068	1.27875	-1.96666	1.27875	-1.90221	1.27875	-1.64641	1.27875	-1.46603	1.27875	-1.33151	1.27875	-1.24697	1.27875	-1.19283	
1.30103	-2.02380	1.30103	-2.00103	1.30103	-1.97150	1.30103	-1.93245	1.30103	-1.87875	1.30103	-1.64090	1.30103	-1.44531	1.30103	-1.30292	1.30103	-1.21742	1.30103	-1.16405	
1.32222	-2.04031	1.32222	-2.01497	1.32222	-1.98074	1.32222	-1.93284	1.32222	-1.86260	1.32222	-1.57912	1.32222	-1.39247	1.32222	-1.26181	1.32222	-1.18179	1.32222	-1.13098	
1.34242	-1.95446	1.34242	-1.93752	1.34242	-1.91372	1.34242	-1.87864	1.34242	-1.82316	1.34242	-1.55768	1.34242	-1.36763	1.34242	-1.23495	1.34242	-1.15439	1.34242	-1.10344	
1.36173	-2.02019	1.36173	-1.98095	1.36173	-1.92964	1.36173	-1.86605	1.36173	-1.79089	1.36173	-1.52633	1.36173	-1.33301	1.36173	-1.19882	1.36173	-1.11934	1.36173	-1.06985	
1.38021	-1.86432	1.38021	-1.84768	1.38021	-1.82611	1.38021	-1.79620	1.38021	-1.74978	1.38021	-1.50055	1.38021	-1.30716	1.38021	-1.17422	1.38021	-1.09529	1.38021	-1.04597	
1.39794	-1.90726	1.39794	-1.87296	1.39794	-1.83057	1.39794	-1.78009	1.39794	-1.71905	1.39794	-1.47281	1.39794	-1.28345	1.39794	-1.15044	1.39794	-1.07123	1.39794	-1.02181	
1.41497	-2.03650	1.41497	-1.99589	1.41497	-1.94013	1.41497	-1.86652	1.41497	-1.77435	1.41497	-1.45178	1.41497	-1.24494	1.41497	-1.11268	1.41497	-1.03632	1.41497	-0.98904	
1.43136	-1.78359	1.43136	-1.76572	1.43136	-1.74305	1.43136	-1.71308	1.43136	-1.66865	1.43136	-1.41943	1.43136	-1.22191	1.43136	-1.09029	1.43136	-1.01384	1.43136	-0.96653	
1.44716	-1.90556	1.44716	-1.87566	1.44716	-1.83517	1.44716	-1.78035	1.44716	-1.70523	1.44716	-1.38801	1.44716	-1.18054	1.44716	-1.05209	1.44716	-0.97915	1.44716	-0.93427	
1.46240	-1.93013	1.46240	-1.89386	1.46240	-1.84373	1.46240	-1.77588	1.46240	-1.68778	1.46240	-1.36481	1.46240	-1.15917	1.46240	-1.03098	1.46240	-0.95804	1.46240	-0.91315	
1.47712	-1.77756	1.47712	-1.75851	1.47712	-1.73407	1.47712	-1.70132	1.47712	-1.65169	1.47712	-1.35696	1.47712	-1.14196	1.47712	-1.01117	1.47712	-0.93784	1.47712	-0.89290	
1.49136	-1.70644	1.49136	-1.68769	1.49136	-1.66426	1.49136	-1.63377	1.49136	-1.58856	1.49136	-1.32226	1.49136	-1.11921	1.49136	-0.99067	1.49136	-0.91761	1.49136	-0.87271	
1.50515	-1.86729	1.50515	-1.84343	1.50515	-1.81258	1.50515	-1.77090	1.50515	-1.70703	1.50515	-1.31975	1.50515	-1.08097	1.50515	-0.95256	1.50515	-0.88319	1.50515	-0.84104	
1.51851	-1.83926	1.51851	-1.81439	1.51851	-1.78086	1.51851	-1.73443	1.51851	-1.66492	1.51851	-1.29168	1.51851	-1.06321	1.51851	-0.93659	1.51851	-0.86745	1.51851	-0.82533	
1.53148	-1.97405	1.53148	-1.93444	1.53148	-1.87461	1.53148	-1.78315	1.53148	-1.65300	1.53148	-1.24943	1.53148	-1.04168	1.53148	-0.91970	1.53148	-0.85123	1.53148	-0.80920	
1.54407	-1.57321	1.54407	-1.56298	1.54407	-1.55009	1.54407	-1.53177	1.54407	-1.49852	1.54407	-1.23298	1.54407	-1.02845	1.54407	-0.90471	1.54407	-0.83579	1.54407	-0.79368	
1.55630	-1.57430	1.55630	-1.56526	1.55630	-1.55329	1.55630	-1.53492	1.55630	-1.49845	1.55630	-1.19300	1.55630	-0.98455	1.55630	-0.86750	1.55630	-0.80367	1.55630	-0.76486	
1.56820	-1.57746	1.56820	-1.56548	1.56820	-1.54949	1.56820	-1.52585	1.56820	-1.48298	1.56820	-1.17342	1.56820	-0.96977	1.56820	-0.85408	1.56820	-0.79049	1.56820	-0.75171	
1.57978	-1.69160	1.57978	-1.66931	1.57978	-1.64003	1.57978	-1.59946	1.57978	-1.53534	1.57978	-1.17022	1.57978	-0.95849	1.57978	-0.84227	1.57978	-0.77870	1.57978	-0.73994	
1.59106	-1.79432	1.59106	-1.76503	1.59106	-1.72591	1.59106	-1.67313	1.59106	-1.59591	1.59106	-1.17952	1.59106	-0.95037	1.59106	-0.83109	1.59106	-0.76710	1.59106	-0.72828	
1.61278	-1.52744	1.61278	-1.51384	1.61278	-1.49599	1.61278	-1.47048	1.61278	-1.42615	1.61278	-1.12250	1.61278	-0.92260	1.61278	-0.80764	1.61278	-0.74415	1.61278	-0.70538	
1.62325	-1.50004	1.62325	-1.49019	1.62325	-1.47686	1.62325	-1.45575	1.62325	-1.41268	1.62325	-1.07627	1.62325	-0.87774	1.62325	-0.77147	1.62325	-0.71404	1.62325	-0.67917	
1.63347	-1.51451	1.63347	-1.50731	1.63347	-1.49693	1.63347	-1.47899	1.63347	-1.43857	1.63347	-1.07939	1.63347	-0.86958	1.63347	-0.76139	1.63347	-0.70372	1.63347	-0.66882	
1.64345	-1.53479	1.64345	-1.52570	1.64345	-1.51258	1.64345	-1.49086	1.64345	-1.44521	1.64345	-1.07018	1.64345	-0.85898	1.64345	-0.75088	1.64345	-0.69326	1.64345	-0.65837	
1.66276	-1.46318	1.66276	-1.45569	1.66276	-1.44475	1.66276	-1.42598	1.66276	-1.38491	1.66276	-1.04086	1.66276	-0.83784	1.66276	-0.73075	1.66276	-0.67322	1.66276	-0.63833	
1.67210	-1.51593	1.67210	-1.49975	1.67210	-1.47932	1.67210	-1.45063	1.67210	-1.39941	1.67210	-1.03425	1.67210	-0.82898	1.67210	-0.72180	1.67210	-0.66428	1.67210	-0.62940	
1.69020	-1.44583	1.69020	-1.43879	1.69020	-1.42838	1.69020	-1.41022	1.69020	-1.36961	1.69020	-1.01782	1.69020	-0.81125	1.69020	-0.70357	1.69020	-0.64597	1.69020	-0.61107	
1.69897	-1.43137	1.69897	-1.42269	1.69897	-1.41074	1.69897	-1.39119	1.69897	-1.34961	1.69897	-1.00515	1.69897	-0.80199	1.69897	-0.69487	1.69897	-0.63733	1.69897	-0.60244	
1.71600	-1.47650	1.71600	-1.46079	1.71600	-1.43844	1.71600	-1.40306	1.71600	-1.33528	1.71600	-0.92350	1.71600	-0.73915	1.71600	-0.64691	1.71600	-0.59749	1.71600	-0.56746	
1.72428	-1.51070	1.72428	-1.49255	1.72428	-1.46666	1.72428	-1.42590	1.72428	-1.34963	1.72428	-0.91596	1.72428	-0.73117	1.72428	-0.63925	1.72428	-0.58992	1.72428	-0.55992	
1.74036	-1.47298	1.74036	-1.46097	1.74036	-1.44443	1.74036	-1.41769	1.74036	-1.36082	1.74036	-0.92105	1.74036	-0.72055	1.74036	-0.62548	1.74036	-0.57565	1.74036	-0.54557	
1.74819	-1.42817	1.74819	-1.42117	1.74819	-1.41006	1.74819	-1.38909	1.74819	-1.33854	1.74819	-0.91335	1.74819	-0.71382	1.74819	-0.61873	1.74819	-0.56888	1.74819	-0.53880	
1.76343	-1.41777	1.76343	-1.40963	1.76343	-1.39729	1.76343	-1.37502	1.76343	-1.32312	1.76343	-0.89779	1.76343	-0.69891	1.76343	-0.60393	1.76343	-0.55411	1.76343	-0.52403	
1.77815	-1.43231	1.77815	-1.41942	1.77815	-1.40167	1.77815	-1.37338	1.77815	-1.31488	1.77815	-0.88189	1.77815	-0.68423	1.77815	-0.58957	1.77815	-0.53979	1.77815	-0.50972	
1.78533	-1.41005	1.78533	-1.39973	1.78533	-1.38522	1.78533	-1.36084	1.78533	-1.30687	1.78533	-0.87714	1.78533	-0.67789	1.78533	-0.58290	1.78533	-0.53307	1.78533	-0.50299	
1.79934	-1.30392	1.79934	-1.29331	1.79934	-1.27685	1.79934	-1.24677	1.79934	-1.17859	1.79934	-0.76060	1.79934	-0.60331	1.79934	-0.52865	1.79934	-0.48926	1.79934	-0.46543	
1.81291	-1.26368	1.81291	-1.25467	1.81291	-1.23988	1.81291	-1.21163	1.81291	-1.14620	1.81291	-0.74549	1.81291	-0.59115	1.81291	-0.51686	1.81291	-0.47750	1.81291	-0.45368	
1.82607	-1.25295	1.82607	-1.24290	1.82607	-1.22705	1.82607	-1.19772	1.82607	-1.13132	1.82607	-0.73219	1.82607	-0.57861	1.82607	-0.50446	1.82607	-0.46512	1.82607	-0.44130	
1.83885	-1.21271	1.83885	-1.20118	1.83885	-1.18376	1.83885	-1.15294	1.83885	-1.08644	1.83885	-0.71156	1.83885	-0.56408	1.83885	-0.49090	1.83885	-0.45169	1.83885	-0.42789	
1.85126	-1.15982	1.85126	-1.14830	1.85126	-1.13091	1.85126	-1.10038	1.85126	-1.03600	1.85126	-0.69019	1.85126	-0.54969	1.85126	-0.47769	1.85126	-0.43865	1.85126	-0.41487	
1.86332	-1.12595	1.86332	-1.11512	1.86332	-1.09850	1.86332	-1.06894	1.86332	-1.00646	1.86332	-0.67471	1.86332	-0.53741	1.86332	-0.46596	1.86332	-0.42700	1.86332	-0.40323	
1.88081	-1.13209	1.88081	-1.12133	1.88081	-1.10477	1.88081	-1.07512	1.88081	-1.01153	1.88081	-0.66443	1.88081	-0.52320	1.88081	-0.45103	1.88081	-0.41196	1.88081	-0.38818	
1.89209	-1.14548	1.89209	-1.13471	1.89209	-1.11812	1.89209	-1.08828	1.89209	-1.02341	1.89209	-0.65899	1.89209	-0.51356	1.89209	-0.44069	1.89209	-0.40152	1.89209	-0.37772	
1.90309	-1.16425	1.90309	-1.15450	1.90309	-1.13897	1.90309	-1.11004	1.90309	-1.04459	1.90309	-0.65534	1.90309	-0.50379	1.90309	-0.42992	1.90309	-0.39062	1.90309	-0.36680	
1.91908	-1.25701	1.91908	-1.24717	1.91908	-1.23148	1.91908	-1.20191	1.91908	-1.13152	1.91908	-0.65794	1.91908	-0.48984	1.91908	-0.41383	1.91908	-0.37429	1.91908	-0.35045	
1.92942	-1.21585	1.92942	-1.20081	1.92942	-1.17583	1.92942	-1.12740	1.92942	-1.01355	1.92942	-0.50594	1.92942	-0.39209	1.92942	-0.34366	1.92942	-0.31869	1.92942	-0.30364	
1.94448	-1.24032	1.94448	-1.22527	1.94448	-1.20026	1.94448	-1.15153	1.94448	-1.03444	1.94448	-0.48986	1.94448	-0.37278	1.94448	-0.32404	1.94448	-0.29904	1.94448	-0.28399	
1.95424	-1.25593	1.95424	-1.24088	1.95424	-1.21586	1.95424	-1.16696	1.95424	-1.04800	1.95424	-0.48011	1.95424	-0.36115	1.95424	-0.31225	1.95424	-0.28723	1.95424	-0.27218	
1.96848	-1.29177	1.96848	-1.27672	1.96848	-1.25168	1.96848	-1.20252	1.96848	-1.08032	1.96848	-0.46857	1.96848	-0.34637	1.96848	-0.29721	1.96848	-0.27217	1.96848	-0.25712	
1.98227	-1.25119	1.98227	-1.23614	1.98227	-1.21111	1.98227	-1.16208	1.98227	-1.04157	1.98227	-0.45344	1.98227	-0.33294	1.98227	-0.28391	1.98227	-0.25888	1.98227	-0.24383	
1.99564	-1.23086	1.99564	-1.21581	1.99564	-1.19078	1.99564	-1.14180	1.99564	-1.02184	1.99564	-0.44107	1.99564	-0.32111	1.99564	-0.27213	1.99564	-0.24710	1.99564	-0.23206	
2.00860	-1.23872	2.00860	-1.22367	2.00860	-1.19864	2.00860	-1.14956	2.00860	-1.02840	2.00860	-0.43142	2.00860	-0.31027	2.00860	-0.26119	2.00860	-0.23616	2.00860	-0.22111	
2.02119	-1.23650	2.02119	-1.22145	2.02119	-1.19642	2.02119	-1.14729	2.02119	-1.02559	2.02119	-0.42095	2.02119	-0.29925	2.02119	-0.25013	2.02119	-0.22509	2.02119	-0.21004	
2.03342	-1.20970	2.03342	-1.19465	2.03342	-1.16962	2.03342	-1.12057	2.03342	-0.99982	2.03342	-0.40839	2.03342	-0.28764	2.03342	-0.23859	2.03342	-0.21356	2.03342	-0.19851	
2.04532	-1.18681	2.04532	-1.17176	2.04532	-1.14674	2.04532	-1.09775	2.04532	-0.97769	2.04532	-0.39565	2.04532	-0.27560	2.04532	-0.22661	2.04532	-0.20159	2.04532	-0.18654	
2.05690	-1.17544	2.05690	-1.16040	2.05690	-1.13537	2.05690	-1.08638	2.05690	-0.96634	2.05690	-0.38447	2.05690	-0.26444	2.05690	-0.21545	2.05690	-0.19042	2.05690	-0.17537	
2.07188	-1.18463	2.07188	-1.16959	2.07188	-1.14455	2.07188	-1.09545	2.07188	-0.97401	2.07188	-0.37314	2.07188	-0.25170	2.07188	-0.20260	2.07188	-0.17757	2.07188	-0.16252	
2.08279	-1.18678	2.08279	-1.17173	2.08279	-1.14669	2.08279	-1.09753	2.08279	-0.97531	2.08279	-0.36330	2.08279	-0.24108	2.08279	-0.19192	2.08279	-0.16688	2.08279	-0.15183	
2.09691	-1.13879	2.09691	-1.12375	2.09691	-1.09872	2.09691	-1.04972	2.09691	-0.92954	2.09691	-0.34584	2.09691	-0.22566	2.09691	-0.17666	2.09691	-0.15163	2.09691	-0.13658	
2.11059	-0.06270	2.11059	-0.06270	2.11059	-0.06270	2.11059	-0.06270	2.11059	-0.06270	2.11059	-0.06270	2.11059	-0.06270	2.11059	-0.06270	2.11059	-0.06270	2.11059	-0.06270	
2.12385	-0.04907	2.12385	-0.04907	2.12385	-0.04907	2.12385	-0.04907	2.12385	-0.04907	2.12385	-0.04907	2.12385	-0.04907	2.12385	-0.04907	2.12385	-0.04907	2.12385	-0.04907	
2.13672	-0.03430	2.13672	-0.03430	2.13672	-0.03430	2.13672	-0.03430	2.13672	-0.03430	2.13672	-0.03430	2.13672	-0.03430	2.13672	-0.03430	2.13672	-0.03430	2.13672	-0.03430	
2.14922	-0.01931	2.14922	-0.01931	2.14922	-0.01931	2.14922	-0.01931	2.14922	-0.01931	2.14922	-0.01931	2.14922	-0.01931	2.14922	-0.01931	2.14922	-0.01931	2.14922	-0.01931	
2.16137	-0.00484	2.16137	-0.00484	2.16137	-0.00484	2.16137	-0.00484	2.16137	-0.00484	2.16137	-0.00484	2.16137	-0.00484	2.16137	-0.00484	2.16137	-0.00484	2.16137	-0.00484	
2.17319	0.00895	2.17319	0.00895	2.17319	0.00895	2.17319	0.00895	2.17319	0.00895	2.17319	0.00895	2.17319	0.00895	2.17319	0.00895	2.17319	0.00895	2.17319	0.00895	
2.18752	0.02651	2.18752	0.02651	2.18752	0.02651	2.18752	0.02651	2.18752	0.02651	2.18752	0.02651	2.18752	0.02651	2.18752	0.02651	2.18752	0.02651	2.18752	0.02651	
2.19866	0.04025	2.19866	0.04025	2.19866	0.04025	2.19866	0.04025	2.19866	0.04025	2.19866	0.04025	2.19866	0.04025	2.19866	0.04025	2.19866	0.04025	2.19866	0.04025	
2.21219	0.05560	2.21219	0.05560	2.21219	0.05560	2.21219	0.05560	2.21219	0.05560	2.21219	0.05560	2.21219	0.05560	2.21219	0.05560	2.21219	0.05560	2.21219	0.05560	
2.22531	0.07236	2.22531	0.07236	2.22531	0.07236	2.22531	0.07236	2.22531	0.07236	2.22531	0.07236	2.22531	0.07236	2.22531	0.07236	2.22531	0.07236	2.22531	0.07236	
2.23805	0.08816	2.23805	0.08816	2.23805	0.08816	2.23805	0.08816	2.23805	0.08816	2.23805	0.08816	2.23805	0.08816	2.23805	0.08816	2.23805	0.08816	2.23805	0.08816	
2.25042	0.10306	2.25042	0.10306	2.25042	0.10306	2.25042	0.10306	2.25042	0.10306	2.25042	0.10306	2.25042	0.10306	2.25042	0.10306	2.25042	0.10306	2.25042	0.10306	
2.26482	0.11885	2.26482	0.11885	2.26482	0.11885	2.26482	0.11885	2.26482	0.11885	2.26482	0.11885	2.26482	0.11885	2.26482	0.11885	2.26482	0.11885	2.26482	0.11885	
2.27646	0.12976	2.27646	0.12976	2.27646	0.12976	2.27646	0.12976	2.27646	0.12976	2.27646	0.12976	2.27646	0.12976	2.27646	0.12976	2.27646	0.12976	2.27646	0.12976	
2.29003	0.14144	2.29003	0.14144	2.29003	0.14144	2.29003	0.14144	2.29003	0.14144	2.29003	0.14144	2.29003	0.14144	2.29003	0.14144	2.29003	0.14144	2.29003	0.14144	
2.30320	0.15303	2.30320	0.15303	2.30320	0.15303	2.30320	0.15303	2.30320	0.15303	2.30320	0.15303	2.30320	0.15303	2.30320	0.15303	2.30320	0.15303	2.30320	0.15303	
2.31597	0.16494	2.31597	0.16494	2.31597	0.16494	2.31597	0.16494	2.31597	0.16494	2.31597	0.16494	2.31597	0.16494	2.31597	0.16494	2.31597	0.16494	2.31597	0.16494	
2.32838	0.17662	2.32838	0.17662	2.32838	0.17662	2.32838	0.17662	2.32838	0.17662	2.32838	0.17662	2.32838	0.17662	2.32838	0.17662	2.32838	0.17662	2.32838	0.17662	
2.34044	0.18790	2.34044	0.18790	2.34044	0.18790	2.34044	0.18790	2.34044	0.18790	2.34044	0.18790	2.34044	0.18790	2.34044	0.18790	2.34044	0.18790	2.34044	0.18790	
2.35411	0.20027	2.35411	0.20027	2.35411	0.20027	2.35411	0.20027	2.35411	0.20027	2.35411	0.20027	2.35411	0.20027	2.35411	0.20027	2.35411	0.20027	2.35411	0.20027	
2.36736	0.21119	2.36736	0.21119	2.36736	0.21119	2.36736	0.21119	2.36736	0.21119	2.36736	0.21119	2.36736	0.21119	2.36736	0.21119	2.36736	0.21119	2.36736	0.21119	
2.38021	0.22077	2.38021	0.22077	2.38021	0.22077	2.38021	0.22077	2.38021	0.22077	2.38021	0.22077	2.38021	0.22077	2.38021	0.22077	2.38021	0.22077	2.38021	0.22077	
