# MesswertTabelle
#
# M e s s w e r t t a b e l l e  der Reihen:
#
# 2 _ln_shuffled_1 (q=-5.0) [97,97] Werte
# 2 _ln_shuffled_1 (q=-4.0) [97,97] Werte
# 2 _ln_shuffled_1 (q=-3.0) [97,97] Werte
# 2 _ln_shuffled_1 (q=-2.0) [97,97] Werte
# 2 _ln_shuffled_1 (q=-1.0) [97,97] Werte
# 2 _ln_shuffled_1 (q=1.0) [97,97] Werte
# 2 _ln_shuffled_1 (q=2.0) [97,97] Werte
# 2 _ln_shuffled_1 (q=3.0) [97,97] Werte
# 2 _ln_shuffled_1 (q=4.0) [97,97] Werte
# 2 _ln_shuffled_1 (q=5.0) [97,97] Werte
#
#
#s	F(s)	s	F(s)	s	F(s)	s	F(s)	s	F(s)	s	F(s)	s	F(s)	s	F(s)	s	F(s)	s	F(s)	
0.60206	-3.85571	0.60206	-3.76610	0.60206	-3.61689	0.60206	-3.32127	0.60206	-2.55404	0.60206	-1.29370	0.60206	-1.17901	0.60206	-1.10047	0.60206	-1.04026	0.60206	-0.99257	
0.69897	-1.65159	0.69897	-1.60786	0.69897	-1.54530	0.69897	-1.45268	0.69897	-1.32381	0.69897	-1.07430	0.69897	-0.99223	0.69897	-0.92596	0.69897	-0.86950	0.69897	-0.82161	
0.77815	-1.57161	0.77815	-1.50546	0.77815	-1.41274	0.77815	-1.29007	0.77815	-1.15692	0.77815	-0.94668	0.77815	-0.85947	0.77815	-0.78145	0.77815	-0.71704	0.77815	-0.66673	
0.84510	-1.16788	0.84510	-1.13027	0.84510	-1.08865	0.84510	-1.04500	0.84510	-1.00112	0.84510	-0.91471	0.84510	-0.87204	0.84510	-0.83049	0.84510	-0.79161	0.84510	-0.75688	
0.90309	-1.06134	0.90309	-1.03206	0.90309	-0.99886	0.90309	-0.96131	0.90309	-0.91838	0.90309	-0.81048	0.90309	-0.74756	0.90309	-0.68657	0.90309	-0.63344	0.90309	-0.58993	
0.95424	-1.17766	0.95424	-1.12529	0.95424	-1.06046	0.95424	-0.98861	0.95424	-0.91887	0.95424	-0.79527	0.95424	-0.73971	0.95424	-0.69063	0.95424	-0.64954	0.95424	-0.61606	
1.00000	-1.19262	1.00000	-1.12961	1.00000	-1.04303	1.00000	-0.94005	1.00000	-0.84809	1.00000	-0.72774	1.00000	-0.67890	1.00000	-0.63152	1.00000	-0.58709	1.00000	-0.54785	
1.04139	-1.04427	1.04139	-0.99446	1.04139	-0.93492	1.04139	-0.87323	1.04139	-0.81877	1.04139	-0.73136	1.04139	-0.68888	1.04139	-0.64498	1.04139	-0.60248	1.04139	-0.56460	
1.07918	-1.05333	1.07918	-1.00496	1.07918	-0.94471	1.07918	-0.87686	1.07918	-0.81126	1.07918	-0.71231	1.07918	-0.67794	1.07918	-0.65032	1.07918	-0.62755	1.07918	-0.60835	
1.11394	-0.82973	1.11394	-0.81032	1.11394	-0.78787	1.11394	-0.76196	1.11394	-0.73263	1.11394	-0.66862	1.11394	-0.63791	1.11394	-0.61004	1.11394	-0.58537	1.11394	-0.56367	
1.14613	-0.83052	1.14613	-0.80936	1.14613	-0.78519	1.14613	-0.75712	1.14613	-0.72409	1.14613	-0.64271	1.14613	-0.59872	1.14613	-0.55732	1.14613	-0.52089	1.14613	-0.49007	
1.17609	-1.06744	1.17609	-1.01566	1.17609	-0.94432	1.17609	-0.85358	1.17609	-0.75923	1.17609	-0.62724	1.17609	-0.58735	1.17609	-0.55707	1.17609	-0.53299	1.17609	-0.51313	
1.20412	-0.67771	1.20412	-0.67023	1.20412	-0.66154	1.20412	-0.65144	1.20412	-0.63978	1.20412	-0.61129	1.20412	-0.59452	1.20412	-0.57649	1.20412	-0.55782	1.20412	-0.53932	
1.23045	-0.73970	1.23045	-0.72557	1.23045	-0.70944	1.23045	-0.69149	1.23045	-0.67213	1.23045	-0.63171	1.23045	-0.61181	1.23045	-0.59263	1.23045	-0.57440	1.23045	-0.55729	
1.25527	-1.01351	1.25527	-0.96279	1.25527	-0.89205	1.25527	-0.80453	1.25527	-0.72198	1.25527	-0.61810	1.25527	-0.58004	1.25527	-0.54337	1.25527	-0.50874	1.25527	-0.47800	
1.27875	-0.75193	1.27875	-0.73571	1.27875	-0.71631	1.27875	-0.69329	1.27875	-0.66636	1.27875	-0.60044	1.27875	-0.56260	1.27875	-0.52403	1.27875	-0.48767	1.27875	-0.45574	
1.30103	-0.71451	1.30103	-0.69879	1.30103	-0.68127	1.30103	-0.66166	1.30103	-0.63961	1.30103	-0.58725	1.30103	-0.55787	1.30103	-0.52834	1.30103	-0.50052	1.30103	-0.47575	
1.32222	-0.67633	1.32222	-0.66357	1.32222	-0.64920	1.32222	-0.63291	1.32222	-0.61436	1.32222	-0.56950	1.32222	-0.54365	1.32222	-0.51692	1.32222	-0.49098	1.32222	-0.46724	
1.34242	-0.65063	1.34242	-0.63997	1.34242	-0.62789	1.34242	-0.61417	1.34242	-0.59859	1.34242	-0.56146	1.34242	-0.54034	1.34242	-0.51850	1.34242	-0.49704	1.34242	-0.47699	
1.36173	-0.62729	1.36173	-0.61836	1.36173	-0.60807	1.36173	-0.59618	1.36173	-0.58243	1.36173	-0.54861	1.36173	-0.52883	1.36173	-0.50802	1.36173	-0.48730	1.36173	-0.46776	
1.38021	-0.67159	1.38021	-0.65496	1.38021	-0.63652	1.38021	-0.61661	1.38021	-0.59573	1.38021	-0.55287	1.38021	-0.53168	1.38021	-0.51117	1.38021	-0.49182	1.38021	-0.47404	
1.39794	-0.62512	1.39794	-0.61407	1.39794	-0.60167	1.39794	-0.58788	1.39794	-0.57283	1.39794	-0.54012	1.39794	-0.52347	1.39794	-0.50743	1.39794	-0.49247	1.39794	-0.47890	
1.41497	-0.63099	1.41497	-0.61908	1.41497	-0.60609	1.41497	-0.59218	1.41497	-0.57766	1.41497	-0.54832	1.41497	-0.53431	1.41497	-0.52116	1.41497	-0.50905	1.41497	-0.49805	
1.43136	-0.64680	1.43136	-0.62109	1.43136	-0.59355	1.43136	-0.56693	1.43136	-0.54378	1.43136	-0.51075	1.43136	-0.49947	1.43136	-0.49035	1.43136	-0.48269	1.43136	-0.47603	
1.44716	-0.60312	1.44716	-0.58577	1.44716	-0.56775	1.44716	-0.55011	1.44716	-0.53383	1.44716	-0.50719	1.44716	-0.49678	1.44716	-0.48793	1.44716	-0.48034	1.44716	-0.47374	
1.46240	-0.59114	1.46240	-0.57761	1.46240	-0.56311	1.46240	-0.54802	1.46240	-0.53285	1.46240	-0.50434	1.46240	-0.49175	1.46240	-0.48052	1.46240	-0.47064	1.46240	-0.46203	
1.47712	-0.56781	1.47712	-0.55827	1.47712	-0.54748	1.47712	-0.53533	1.47712	-0.52188	1.47712	-0.49229	1.47712	-0.47734	1.47712	-0.46318	1.47712	-0.45031	1.47712	-0.43895	
1.49136	-0.50251	1.49136	-0.49865	1.49136	-0.49441	1.49136	-0.48979	1.49136	-0.48481	1.49136	-0.47408	1.49136	-0.46851	1.49136	-0.46295	1.49136	-0.45751	1.49136	-0.45228	
1.50515	-0.50380	1.50515	-0.49899	1.50515	-0.49392	1.50515	-0.48863	1.50515	-0.48318	1.50515	-0.47209	1.50515	-0.46662	1.50515	-0.46131	1.50515	-0.45621	1.50515	-0.45138	
1.51851	-0.60715	1.51851	-0.58699	1.51851	-0.56432	1.51851	-0.54034	1.51851	-0.51687	1.51851	-0.47772	1.51851	-0.46312	1.51851	-0.45144	1.51851	-0.44210	1.51851	-0.43457	
1.53148	-0.56707	1.53148	-0.55011	1.53148	-0.53205	1.53148	-0.51388	1.53148	-0.49666	1.53148	-0.46785	1.53148	-0.45656	1.53148	-0.44710	1.53148	-0.43913	1.53148	-0.43238	
1.54407	-0.54910	1.54407	-0.53563	1.54407	-0.52115	1.54407	-0.50612	1.54407	-0.49116	1.54407	-0.46375	1.54407	-0.45204	1.54407	-0.44180	1.54407	-0.43295	1.54407	-0.42534	
1.55630	-0.54377	1.55630	-0.53642	1.55630	-0.52789	1.55630	-0.51811	1.55630	-0.50712	1.55630	-0.48251	1.55630	-0.46973	1.55630	-0.45730	1.55630	-0.44561	1.55630	-0.43490	
1.56820	-0.49929	1.56820	-0.49412	1.56820	-0.48836	1.56820	-0.48197	1.56820	-0.47493	1.56820	-0.45905	1.56820	-0.45041	1.56820	-0.44155	1.56820	-0.43268	1.56820	-0.42405	
1.57978	-0.50433	1.57978	-0.49988	1.57978	-0.49489	1.57978	-0.48930	1.57978	-0.48302	1.57978	-0.46829	1.57978	-0.45991	1.57978	-0.45105	1.57978	-0.44195	1.57978	-0.43288	
1.59106	-0.48536	1.59106	-0.47813	1.59106	-0.47017	1.59106	-0.46160	1.59106	-0.45264	1.59106	-0.43464	1.59106	-0.42616	1.59106	-0.41831	1.59106	-0.41120	1.59106	-0.40485	
1.61278	-0.56433	1.61278	-0.55070	1.61278	-0.53587	1.61278	-0.52021	1.61278	-0.50424	1.61278	-0.47352	1.61278	-0.45961	1.61278	-0.44697	1.61278	-0.43568	1.61278	-0.42571	
1.62325	-0.53688	1.62325	-0.52816	1.62325	-0.51827	1.62325	-0.50716	1.62325	-0.49491	1.62325	-0.46820	1.62325	-0.45471	1.62325	-0.44182	1.62325	-0.42993	1.62325	-0.41925	
1.63347	-0.54458	1.63347	-0.53309	1.63347	-0.52048	1.63347	-0.50695	1.63347	-0.49286	1.63347	-0.46469	1.63347	-0.45141	1.63347	-0.43905	1.63347	-0.42777	1.63347	-0.41761	
1.64345	-0.44626	1.64345	-0.44378	1.64345	-0.44100	1.64345	-0.43787	1.64345	-0.43438	1.64345	-0.42626	1.64345	-0.42166	1.64345	-0.41678	1.64345	-0.41169	1.64345	-0.40649	
1.66276	-0.47582	1.66276	-0.46972	1.66276	-0.46324	1.66276	-0.45643	1.66276	-0.44936	1.66276	-0.43488	1.66276	-0.42768	1.66276	-0.42065	1.66276	-0.41389	1.66276	-0.40748	
1.67210	-0.46508	1.67210	-0.45892	1.67210	-0.45242	1.67210	-0.44564	1.67210	-0.43871	1.67210	-0.42484	1.67210	-0.41814	1.67210	-0.41173	1.67210	-0.40568	1.67210	-0.40001	
1.69020	-0.45203	1.69020	-0.44718	1.69020	-0.44188	1.69020	-0.43615	1.69020	-0.43005	1.69020	-0.41708	1.69020	-0.41044	1.69020	-0.40386	1.69020	-0.39748	1.69020	-0.39139	
1.69897	-0.44196	1.69897	-0.43749	1.69897	-0.43275	1.69897	-0.42774	1.69897	-0.42251	1.69897	-0.41153	1.69897	-0.40591	1.69897	-0.40032	1.69897	-0.39482	1.69897	-0.38948	
1.71600	-0.47419	1.71600	-0.46695	1.71600	-0.45913	1.71600	-0.45079	1.71600	-0.44203	1.71600	-0.42394	1.71600	-0.41499	1.71600	-0.40633	1.71600	-0.39814	1.71600	-0.39052	
1.72428	-0.49010	1.72428	-0.48178	1.72428	-0.47275	1.72428	-0.46312	1.72428	-0.45307	1.72428	-0.43258	1.72428	-0.42263	1.72428	-0.41315	1.72428	-0.40429	1.72428	-0.39615	
1.74036	-0.45501	1.74036	-0.45116	1.74036	-0.44683	1.74036	-0.44197	1.74036	-0.43657	1.74036	-0.42430	1.74036	-0.41761	1.74036	-0.41075	1.74036	-0.40390	1.74036	-0.39722	
1.74819	-0.44089	1.74819	-0.43789	1.74819	-0.43452	1.74819	-0.43075	1.74819	-0.42656	1.74819	-0.41698	1.74819	-0.41168	1.74819	-0.40616	1.74819	-0.40055	1.74819	-0.39497	
1.76343	-0.43523	1.76343	-0.43213	1.76343	-0.42878	1.76343	-0.42517	1.76343	-0.42130	1.76343	-0.41287	1.76343	-0.40838	1.76343	-0.40378	1.76343	-0.39915	1.76343	-0.39456	
1.77815	-0.42078	1.77815	-0.41783	1.77815	-0.41479	1.77815	-0.41166	1.77815	-0.40846	1.77815	-0.40196	1.77815	-0.39870	1.77815	-0.39546	1.77815	-0.39229	1.77815	-0.38918	
1.78533	-0.42436	1.78533	-0.42140	1.78533	-0.41834	1.78533	-0.41519	1.78533	-0.41197	1.78533	-0.40541	1.78533	-0.40212	1.78533	-0.39885	1.78533	-0.39564	1.78533	-0.39250	
1.79934	-0.41630	1.79934	-0.41438	1.79934	-0.41229	1.79934	-0.41003	1.79934	-0.40762	1.79934	-0.40235	1.79934	-0.39956	1.79934	-0.39669	1.79934	-0.39379	1.79934	-0.39090	
1.81291	-0.42182	1.81291	-0.41985	1.81291	-0.41771	1.81291	-0.41538	1.81291	-0.41288	1.81291	-0.40741	1.81291	-0.40450	1.81291	-0.40151	1.81291	-0.39848	1.81291	-0.39546	
1.82607	-0.43693	1.82607	-0.43378	1.82607	-0.43039	1.82607	-0.42674	1.82607	-0.42287	1.82607	-0.41464	1.82607	-0.41038	1.82607	-0.40613	1.82607	-0.40194	1.82607	-0.39789	
1.83885	-0.44340	1.83885	-0.43940	1.83885	-0.43506	1.83885	-0.43040	1.83885	-0.42544	1.83885	-0.41494	1.83885	-0.40959	1.83885	-0.40431	1.83885	-0.39919	1.83885	-0.39431	
1.85126	-0.44087	1.85126	-0.43662	1.85126	-0.43208	1.85126	-0.42730	1.85126	-0.42233	1.85126	-0.41214	1.85126	-0.40710	1.85126	-0.40221	1.85126	-0.39754	1.85126	-0.39314	
1.86332	-0.39479	1.86332	-0.39347	1.86332	-0.39207	1.86332	-0.39059	1.86332	-0.38902	1.86332	-0.38566	1.86332	-0.38389	1.86332	-0.38208	1.86332	-0.38024	1.86332	-0.37838	
1.88081	-0.39130	1.88081	-0.38949	1.88081	-0.38752	1.88081	-0.38540	1.88081	-0.38314	1.88081	-0.37823	1.88081	-0.37562	1.88081	-0.37295	1.88081	-0.37025	1.88081	-0.36755	
1.89209	-0.39792	1.89209	-0.39604	1.89209	-0.39400	1.89209	-0.39179	1.89209	-0.38942	1.89209	-0.38426	1.89209	-0.38152	1.89209	-0.37870	1.89209	-0.37586	1.89209	-0.37301	
1.90309	-0.39629	1.90309	-0.39467	1.90309	-0.39292	1.90309	-0.39104	1.90309	-0.38903	1.90309	-0.38468	1.90309	-0.38237	1.90309	-0.38000	1.90309	-0.37759	1.90309	-0.37517	
1.91908	-0.40771	1.91908	-0.40576	1.91908	-0.40367	1.91908	-0.40144	1.91908	-0.39909	1.91908	-0.39405	1.91908	-0.39142	1.91908	-0.38874	1.91908	-0.38604	1.91908	-0.38337	
1.92942	-0.38636	1.92942	-0.38451	1.92942	-0.38259	1.92942	-0.38062	1.92942	-0.37862	1.92942	-0.37457	1.92942	-0.37256	1.92942	-0.37060	1.92942	-0.36868	1.92942	-0.36683	
1.94448	-0.38101	1.94448	-0.37947	1.94448	-0.37789	1.94448	-0.37626	1.94448	-0.37462	1.94448	-0.37131	1.94448	-0.36966	1.94448	-0.36804	1.94448	-0.36646	1.94448	-0.36492	
1.95424	-0.36451	1.95424	-0.36391	1.95424	-0.36329	1.95424	-0.36268	1.95424	-0.36206	1.95424	-0.36081	1.95424	-0.36019	1.95424	-0.35957	1.95424	-0.35896	1.95424	-0.35836	
1.96848	-0.36300	1.96848	-0.36267	1.96848	-0.36234	1.96848	-0.36200	1.96848	-0.36167	1.96848	-0.36100	1.96848	-0.36066	1.96848	-0.36033	1.96848	-0.35999	1.96848	-0.35966	
1.98227	-0.36391	1.98227	-0.36360	1.98227	-0.36329	1.98227	-0.36298	1.98227	-0.36267	1.98227	-0.36205	1.98227	-0.36174	1.98227	-0.36143	1.98227	-0.36112	1.98227	-0.36081	
1.99564	-0.36609	1.99564	-0.36553	1.99564	-0.36496	1.99564	-0.36438	1.99564	-0.36380	1.99564	-0.36264	1.99564	-0.36206	1.99564	-0.36148	1.99564	-0.36091	1.99564	-0.36035	
2.00860	-0.37809	2.00860	-0.37640	2.00860	-0.37465	2.00860	-0.37286	2.00860	-0.37104	2.00860	-0.36737	2.00860	-0.36555	2.00860	-0.36375	2.00860	-0.36201	2.00860	-0.36032	
2.02119	-0.40398	2.02119	-0.39986	2.02119	-0.39539	2.02119	-0.39061	2.02119	-0.38562	2.02119	-0.37539	2.02119	-0.37039	2.02119	-0.36562	2.02119	-0.36114	2.02119	-0.35702	
2.03342	-0.41021	2.03342	-0.40579	2.03342	-0.40095	2.03342	-0.39575	2.03342	-0.39030	2.03342	-0.37910	2.03342	-0.37365	2.03342	-0.36846	2.03342	-0.36362	2.03342	-0.35919	
2.04532	-0.35111	2.04532	-0.35007	2.04532	-0.34901	2.04532	-0.34794	2.04532	-0.34685	2.04532	-0.34467	2.04532	-0.34358	2.04532	-0.34250	2.04532	-0.34145	2.04532	-0.34041	
2.05690	-0.32110	2.05690	-0.32105	2.05690	-0.32100	2.05690	-0.32095	2.05690	-0.32090	2.05690	-0.32079	2.05690	-0.32074	2.05690	-0.32069	2.05690	-0.32064	2.05690	-0.32059	
2.07188	-0.31918	2.07188	-0.31918	2.07188	-0.31918	2.07188	-0.31918	2.07188	-0.31917	2.07188	-0.31917	2.07188	-0.31917	2.07188	-0.31916	2.07188	-0.31916	2.07188	-0.31916	
2.08279	-0.29882	2.08279	-0.29824	2.08279	-0.29765	2.08279	-0.29706	2.08279	-0.29646	2.08279	-0.29527	2.08279	-0.29467	2.08279	-0.29408	2.08279	-0.29349	2.08279	-0.29291	
2.09691	-0.27186	2.09691	-0.27154	2.09691	-0.27123	2.09691	-0.27091	2.09691	-0.27059	2.09691	-0.26995	2.09691	-0.26963	2.09691	-0.26931	2.09691	-0.26899	2.09691	-0.26868	
2.11059	-0.26423	2.11059	-0.26423	2.11059	-0.26423	2.11059	-0.26423	2.11059	-0.26423	2.11059	-0.26423	2.11059	-0.26423	2.11059	-0.26423	2.11059	-0.26423	2.11059	-0.26423	
2.12385	-0.22756	2.12385	-0.22756	2.12385	-0.22756	2.12385	-0.22756	2.12385	-0.22756	2.12385	-0.22756	2.12385	-0.22756	2.12385	-0.22756	2.12385	-0.22756	2.12385	-0.22756	
2.13672	-0.21841	2.13672	-0.21841	2.13672	-0.21841	2.13672	-0.21841	2.13672	-0.21841	2.13672	-0.21841	2.13672	-0.21841	2.13672	-0.21841	2.13672	-0.21841	2.13672	-0.21841	
2.14922	-0.21912	2.14922	-0.21912	2.14922	-0.21912	2.14922	-0.21912	2.14922	-0.21912	2.14922	-0.21912	2.14922	-0.21912	2.14922	-0.21912	2.14922	-0.21912	2.14922	-0.21912	
2.16137	-0.22115	2.16137	-0.22115	2.16137	-0.22115	2.16137	-0.22115	2.16137	-0.22115	2.16137	-0.22115	2.16137	-0.22115	2.16137	-0.22115	2.16137	-0.22115	2.16137	-0.22115	
2.17319	-0.22339	2.17319	-0.22339	2.17319	-0.22339	2.17319	-0.22339	2.17319	-0.22339	2.17319	-0.22339	2.17319	-0.22339	2.17319	-0.22339	2.17319	-0.22339	2.17319	-0.22339	
2.18752	-0.21220	2.18752	-0.21220	2.18752	-0.21220	2.18752	-0.21220	2.18752	-0.21220	2.18752	-0.21220	2.18752	-0.21220	2.18752	-0.21220	2.18752	-0.21220	2.18752	-0.21220	
2.19866	-0.19853	2.19866	-0.19853	2.19866	-0.19853	2.19866	-0.19853	2.19866	-0.19853	2.19866	-0.19853	2.19866	-0.19853	2.19866	-0.19853	2.19866	-0.19853	2.19866	-0.19853	
2.21219	-0.19720	2.21219	-0.19720	2.21219	-0.19720	2.21219	-0.19720	2.21219	-0.19720	2.21219	-0.19720	2.21219	-0.19720	2.21219	-0.19720	2.21219	-0.19720	2.21219	-0.19720	
2.22531	-0.19020	2.22531	-0.19020	2.22531	-0.19020	2.22531	-0.19020	2.22531	-0.19020	2.22531	-0.19020	2.22531	-0.19020	2.22531	-0.19020	2.22531	-0.19020	2.22531	-0.19020	
2.23805	-0.19387	2.23805	-0.19387	2.23805	-0.19387	2.23805	-0.19387	2.23805	-0.19387	2.23805	-0.19387	2.23805	-0.19387	2.23805	-0.19387	2.23805	-0.19387	2.23805	-0.19387	
2.25042	-0.19955	2.25042	-0.19955	2.25042	-0.19955	2.25042	-0.19955	2.25042	-0.19955	2.25042	-0.19955	2.25042	-0.19955	2.25042	-0.19955	2.25042	-0.19955	2.25042	-0.19955	
2.26482	-0.20308	2.26482	-0.20308	2.26482	-0.20308	2.26482	-0.20308	2.26482	-0.20308	2.26482	-0.20308	2.26482	-0.20308	2.26482	-0.20308	2.26482	-0.20308	2.26482	-0.20308	
2.27646	-0.20773	2.27646	-0.20773	2.27646	-0.20773	2.27646	-0.20773	2.27646	-0.20773	2.27646	-0.20773	2.27646	-0.20773	2.27646	-0.20773	2.27646	-0.20773	2.27646	-0.20773	
2.29003	-0.21202	2.29003	-0.21202	2.29003	-0.21202	2.29003	-0.21202	2.29003	-0.21202	2.29003	-0.21202	2.29003	-0.21202	2.29003	-0.21202	2.29003	-0.21202	2.29003	-0.21202	
2.30320	-0.21587	2.30320	-0.21587	2.30320	-0.21587	2.30320	-0.21587	2.30320	-0.21587	2.30320	-0.21587	2.30320	-0.21587	2.30320	-0.21587	2.30320	-0.21587	2.30320	-0.21587	
2.31597	-0.21444	2.31597	-0.21444	2.31597	-0.21444	2.31597	-0.21444	2.31597	-0.21444	2.31597	-0.21444	2.31597	-0.21444	2.31597	-0.21444	2.31597	-0.21444	2.31597	-0.21444	
2.32838	-0.20956	2.32838	-0.20956	2.32838	-0.20956	2.32838	-0.20956	2.32838	-0.20956	2.32838	-0.20956	2.32838	-0.20956	2.32838	-0.20956	2.32838	-0.20956	2.32838	-0.20956	
2.34044	-0.20863	2.34044	-0.20863	2.34044	-0.20863	2.34044	-0.20863	2.34044	-0.20863	2.34044	-0.20863	2.34044	-0.20863	2.34044	-0.20863	2.34044	-0.20863	2.34044	-0.20863	
2.35411	-0.21168	2.35411	-0.21168	2.35411	-0.21168	2.35411	-0.21168	2.35411	-0.21168	2.35411	-0.21168	2.35411	-0.21168	2.35411	-0.21168	2.35411	-0.21168	2.35411	-0.21168	
2.36736	-0.21725	2.36736	-0.21725	2.36736	-0.21725	2.36736	-0.21725	2.36736	-0.21725	2.36736	-0.21725	2.36736	-0.21725	2.36736	-0.21725	2.36736	-0.21725	2.36736	-0.21725	
2.38021	-0.21240	2.38021	-0.21240	2.38021	-0.21240	2.38021	-0.21240	2.38021	-0.21240	2.38021	-0.21240	2.38021	-0.21240	2.38021	-0.21240	2.38021	-0.21240	2.38021	-0.21240	
