# MesswertTabelle
#
# M e s s w e r t t a b e l l e  der Reihen:
#
# 3 _ln_shuffled_1 (q=-5.0) [97,97] Werte
# 3 _ln_shuffled_1 (q=-4.0) [97,97] Werte
# 3 _ln_shuffled_1 (q=-3.0) [97,97] Werte
# 3 _ln_shuffled_1 (q=-2.0) [97,97] Werte
# 3 _ln_shuffled_1 (q=-1.0) [97,97] Werte
# 3 _ln_shuffled_1 (q=1.0) [97,97] Werte
# 3 _ln_shuffled_1 (q=2.0) [97,97] Werte
# 3 _ln_shuffled_1 (q=3.0) [97,97] Werte
# 3 _ln_shuffled_1 (q=4.0) [97,97] Werte
# 3 _ln_shuffled_1 (q=5.0) [97,97] Werte
#
#
#s	F(s)	s	F(s)	s	F(s)	s	F(s)	s	F(s)	s	F(s)	s	F(s)	s	F(s)	s	F(s)	s	F(s)	
0.60206	-3.64456	0.60206	-3.55548	0.60206	-3.40868	0.60206	-3.12435	0.60206	-2.41724	0.60206	-1.28189	0.60206	-1.16979	0.60206	-1.10482	0.60206	-1.06052	0.60206	-1.02725	
0.69897	-1.80192	0.69897	-1.73979	0.69897	-1.65031	0.69897	-1.52259	0.69897	-1.36862	0.69897	-1.13571	0.69897	-1.06057	0.69897	-1.00169	0.69897	-0.95590	0.69897	-0.92038	
0.77815	-1.65080	0.77815	-1.58020	0.77815	-1.48074	0.77815	-1.35188	0.77815	-1.22314	0.77815	-1.06186	0.77815	-1.01135	0.77815	-0.96979	0.77815	-0.93489	0.77815	-0.90564	
0.84510	-1.19315	0.84510	-1.17210	0.84510	-1.14675	0.84510	-1.11588	0.84510	-1.07889	0.84510	-0.99449	0.84510	-0.95573	0.84510	-0.92345	0.84510	-0.89769	0.84510	-0.87728	
0.90309	-1.12853	0.90309	-1.10280	0.90309	-1.07294	0.90309	-1.03895	0.90309	-1.00152	0.90309	-0.92311	0.90309	-0.88642	0.90309	-0.85371	0.90309	-0.82562	0.90309	-0.80205	
0.95424	-1.14496	0.95424	-1.11035	0.95424	-1.06928	0.95424	-1.02357	0.95424	-0.97774	0.95424	-0.90392	0.95424	-0.87825	0.95424	-0.85841	0.95424	-0.84281	0.95424	-0.83024	
1.00000	-1.04514	1.00000	-1.02633	1.00000	-1.00388	1.00000	-0.97763	1.00000	-0.94814	1.00000	-0.88632	1.00000	-0.85795	1.00000	-0.83285	1.00000	-0.81115	1.00000	-0.79258	
1.04139	-1.01506	1.04139	-0.99186	1.04139	-0.96545	1.04139	-0.93643	1.04139	-0.90609	1.04139	-0.84720	1.04139	-0.82036	1.04139	-0.79554	1.04139	-0.77283	1.04139	-0.75233	
1.07918	-0.92590	1.07918	-0.90950	1.07918	-0.89229	1.07918	-0.87509	1.07918	-0.85879	1.07918	-0.83104	1.07918	-0.81982	1.07918	-0.81012	1.07918	-0.80168	1.07918	-0.79424	
1.11394	-1.01693	1.11394	-0.98710	1.11394	-0.95093	1.11394	-0.91046	1.11394	-0.87041	1.11394	-0.80756	1.11394	-0.78567	1.11394	-0.76822	1.11394	-0.75387	1.11394	-0.74175	
1.14613	-0.93545	1.14613	-0.91720	1.14613	-0.89712	1.14613	-0.87601	1.14613	-0.85481	1.14613	-0.81457	1.14613	-0.79586	1.14613	-0.77804	1.14613	-0.76118	1.14613	-0.74548	
1.17609	-0.90516	1.17609	-0.88663	1.17609	-0.86741	1.17609	-0.84825	1.17609	-0.82973	1.17609	-0.79514	1.17609	-0.77886	1.17609	-0.76314	1.17609	-0.74811	1.17609	-0.73396	
1.20412	-0.85464	1.20412	-0.84274	1.20412	-0.83090	1.20412	-0.81920	1.20412	-0.80763	1.20412	-0.78440	1.20412	-0.77255	1.20412	-0.76057	1.20412	-0.74862	1.20412	-0.73694	
1.23045	-0.90860	1.23045	-0.88932	1.23045	-0.86748	1.23045	-0.84379	1.23045	-0.81945	1.23045	-0.77410	1.23045	-0.75462	1.23045	-0.73739	1.23045	-0.72216	1.23045	-0.70863	
1.25527	-0.85643	1.25527	-0.84304	1.25527	-0.82875	1.25527	-0.81348	1.25527	-0.79685	1.25527	-0.75663	1.25527	-0.73173	1.25527	-0.70411	1.25527	-0.67570	1.25527	-0.64879	
1.27875	-0.83681	1.27875	-0.81990	1.27875	-0.80150	1.27875	-0.78207	1.27875	-0.76226	1.27875	-0.72441	1.27875	-0.70744	1.27875	-0.69213	1.27875	-0.67846	1.27875	-0.66633	
1.30103	-0.84966	1.30103	-0.83462	1.30103	-0.81897	1.30103	-0.80295	1.30103	-0.78667	1.30103	-0.75355	1.30103	-0.73695	1.30103	-0.72067	1.30103	-0.70509	1.30103	-0.69056	
1.32222	-0.83613	1.32222	-0.82048	1.32222	-0.80362	1.32222	-0.78622	1.32222	-0.76914	1.32222	-0.73875	1.32222	-0.72613	1.32222	-0.71525	1.32222	-0.70590	1.32222	-0.69787	
1.34242	-0.82745	1.34242	-0.80945	1.34242	-0.79063	1.34242	-0.77166	1.34242	-0.75306	1.34242	-0.71785	1.34242	-0.70123	1.34242	-0.68527	1.34242	-0.67011	1.34242	-0.65594	
1.36173	-0.81977	1.36173	-0.79998	1.36173	-0.77901	1.36173	-0.75772	1.36173	-0.73691	1.36173	-0.69844	1.36173	-0.68107	1.36173	-0.66503	1.36173	-0.65039	1.36173	-0.63719	
1.38021	-0.80906	1.38021	-0.79383	1.38021	-0.77552	1.38021	-0.75377	1.38021	-0.72863	1.38021	-0.67270	1.38021	-0.64577	1.38021	-0.62174	1.38021	-0.60123	1.38021	-0.58411	
1.39794	-0.77107	1.39794	-0.76366	1.39794	-0.75573	1.39794	-0.74745	1.39794	-0.73901	1.39794	-0.72264	1.39794	-0.71514	1.39794	-0.70826	1.39794	-0.70207	1.39794	-0.69657	
1.41497	-0.76696	1.41497	-0.75644	1.41497	-0.74486	1.41497	-0.73245	1.41497	-0.71959	1.41497	-0.69448	1.41497	-0.68309	1.41497	-0.67282	1.41497	-0.66372	1.41497	-0.65573	
1.43136	-0.74929	1.43136	-0.73571	1.43136	-0.71992	1.43136	-0.70180	1.43136	-0.68148	1.43136	-0.63694	1.43136	-0.61496	1.43136	-0.59469	1.43136	-0.57678	1.43136	-0.56144	
1.44716	-0.77968	1.44716	-0.76529	1.44716	-0.74730	1.44716	-0.72475	1.44716	-0.69685	1.44716	-0.62707	1.44716	-0.59043	1.44716	-0.55713	1.44716	-0.52887	1.44716	-0.50576	
1.46240	-0.76609	1.46240	-0.75416	1.46240	-0.74076	1.46240	-0.72594	1.46240	-0.70996	1.46240	-0.67646	1.46240	-0.66022	1.46240	-0.64511	1.46240	-0.63149	1.46240	-0.61950	
1.47712	-0.76844	1.47712	-0.75758	1.47712	-0.74567	1.47712	-0.73282	1.47712	-0.71927	1.47712	-0.69163	1.47712	-0.67838	1.47712	-0.66596	1.47712	-0.65457	1.47712	-0.64425	
1.49136	-0.76656	1.49136	-0.75506	1.49136	-0.74283	1.49136	-0.73026	1.49136	-0.71784	1.49136	-0.69528	1.49136	-0.68571	1.49136	-0.67738	1.49136	-0.67022	1.49136	-0.66410	
1.50515	-0.75706	1.50515	-0.74501	1.50515	-0.73059	1.50515	-0.71361	1.50515	-0.69426	1.50515	-0.65221	1.50515	-0.63219	1.50515	-0.61428	1.50515	-0.59886	1.50515	-0.58585	
1.51851	-0.79299	1.51851	-0.78189	1.51851	-0.76782	1.51851	-0.74987	1.51851	-0.72735	1.51851	-0.67069	1.51851	-0.64121	1.51851	-0.61470	1.51851	-0.59248	1.51851	-0.57453	
1.53148	-0.73092	1.53148	-0.71983	1.53148	-0.70624	1.53148	-0.68907	1.53148	-0.66704	1.53148	-0.60573	1.53148	-0.56980	1.53148	-0.53551	1.53148	-0.50585	1.53148	-0.48165	
1.54407	-0.71378	1.54407	-0.70003	1.54407	-0.68394	1.54407	-0.66463	1.54407	-0.64090	1.54407	-0.57758	1.54407	-0.54108	1.54407	-0.50635	1.54407	-0.47635	1.54407	-0.45187	
1.55630	-0.72151	1.55630	-0.70780	1.55630	-0.69212	1.55630	-0.67450	1.55630	-0.65526	1.55630	-0.61512	1.55630	-0.59625	1.55630	-0.57931	1.55630	-0.56463	1.55630	-0.55220	
1.56820	-0.71535	1.56820	-0.70234	1.56820	-0.68795	1.56820	-0.67258	1.56820	-0.65684	1.56820	-0.62711	1.56820	-0.61418	1.56820	-0.60282	1.56820	-0.59300	1.56820	-0.58455	
1.57978	-0.70382	1.57978	-0.69076	1.57978	-0.67575	1.57978	-0.65890	1.57978	-0.64063	1.57978	-0.60316	1.57978	-0.58585	1.57978	-0.57039	1.57978	-0.55700	1.57978	-0.54560	
1.59106	-0.67913	1.59106	-0.66928	1.59106	-0.65823	1.59106	-0.64570	1.59106	-0.63135	1.59106	-0.59607	1.59106	-0.57552	1.59106	-0.55426	1.59106	-0.53369	1.59106	-0.51496	
1.61278	-0.67748	1.61278	-0.67179	1.61278	-0.66542	1.61278	-0.65816	1.61278	-0.64980	1.61278	-0.62907	1.61278	-0.61670	1.61278	-0.60339	1.61278	-0.58974	1.61278	-0.57642	
1.62325	-0.62739	1.62325	-0.62143	1.62325	-0.61445	1.62325	-0.60622	1.62325	-0.59656	1.62325	-0.57269	1.62325	-0.55894	1.62325	-0.54472	1.62325	-0.53077	1.62325	-0.51771	
1.63347	-0.60771	1.63347	-0.60060	1.63347	-0.59169	1.63347	-0.58030	1.63347	-0.56561	1.63347	-0.52418	1.63347	-0.49867	1.63347	-0.47278	1.63347	-0.44890	1.63347	-0.42837	
1.64345	-0.59253	1.64345	-0.58656	1.64345	-0.57857	1.64345	-0.56756	1.64345	-0.55214	1.64345	-0.50300	1.64345	-0.47054	1.64345	-0.43762	1.64345	-0.40819	1.64345	-0.38400	
1.66276	-0.53701	1.66276	-0.53263	1.66276	-0.52712	1.66276	-0.52014	1.66276	-0.51131	1.66276	-0.48698	1.66276	-0.47174	1.66276	-0.45539	1.66276	-0.43908	1.66276	-0.42380	
1.67210	-0.51446	1.67210	-0.51142	1.67210	-0.50802	1.67210	-0.50420	1.67210	-0.49993	1.67210	-0.49007	1.67210	-0.48453	1.67210	-0.47869	1.67210	-0.47267	1.67210	-0.46661	
1.69020	-0.53276	1.69020	-0.52722	1.69020	-0.52084	1.69020	-0.51340	1.69020	-0.50471	1.69020	-0.48306	1.69020	-0.47034	1.69020	-0.45693	1.69020	-0.44349	1.69020	-0.43068	
1.69897	-0.53074	1.69897	-0.52482	1.69897	-0.51833	1.69897	-0.51119	1.69897	-0.50334	1.69897	-0.48555	1.69897	-0.47580	1.69897	-0.46575	1.69897	-0.45573	1.69897	-0.44603	
1.71600	-0.49615	1.71600	-0.49432	1.71600	-0.49240	1.71600	-0.49040	1.71600	-0.48834	1.71600	-0.48405	1.71600	-0.48185	1.71600	-0.47965	1.71600	-0.47744	1.71600	-0.47525	
1.72428	-0.50903	1.72428	-0.50419	1.72428	-0.49842	1.72428	-0.49157	1.72428	-0.48351	1.72428	-0.46386	1.72428	-0.45272	1.72428	-0.44129	1.72428	-0.43008	1.72428	-0.41955	
1.74036	-0.59561	1.74036	-0.58554	1.74036	-0.57319	1.74036	-0.55816	1.74036	-0.54027	1.74036	-0.49803	1.74036	-0.47632	1.74036	-0.45624	1.74036	-0.43866	1.74036	-0.42381	
1.74819	-0.59471	1.74819	-0.58537	1.74819	-0.57364	1.74819	-0.55904	1.74819	-0.54130	1.74819	-0.49848	1.74819	-0.47627	1.74819	-0.45573	1.74819	-0.43783	1.74819	-0.42280	
1.76343	-0.56904	1.76343	-0.55510	1.76343	-0.53868	1.76343	-0.51962	1.76343	-0.49807	1.76343	-0.45043	1.76343	-0.42686	1.76343	-0.40523	1.76343	-0.38630	1.76343	-0.37029	
1.77815	-0.58433	1.77815	-0.56725	1.77815	-0.54623	1.77815	-0.52061	1.77815	-0.49006	1.77815	-0.41817	1.77815	-0.38237	1.77815	-0.35079	1.77815	-0.32480	1.77815	-0.30419	
1.78533	-0.58387	1.78533	-0.56662	1.78533	-0.54521	1.78533	-0.51873	1.78533	-0.48654	1.78533	-0.40840	1.78533	-0.36903	1.78533	-0.33466	1.78533	-0.30684	1.78533	-0.28519	
1.79934	-0.48262	1.79934	-0.47107	1.79934	-0.45632	1.79934	-0.43739	1.79934	-0.41350	1.79934	-0.35379	1.79934	-0.32357	1.79934	-0.29719	1.79934	-0.27579	1.79934	-0.25905	
1.81291	-0.43602	1.81291	-0.42938	1.81291	-0.42138	1.81291	-0.41178	1.81291	-0.40047	1.81291	-0.37361	1.81291	-0.35925	1.81291	-0.34535	1.81291	-0.33260	1.81291	-0.32136	
1.82607	-0.45060	1.82607	-0.44444	1.82607	-0.43740	1.82607	-0.42943	1.82607	-0.42058	1.82607	-0.40100	1.82607	-0.39091	1.82607	-0.38112	1.82607	-0.37194	1.82607	-0.36359	
1.83885	-0.45976	1.83885	-0.45142	1.83885	-0.44110	1.83885	-0.42834	1.83885	-0.41287	1.83885	-0.37514	1.83885	-0.35522	1.83885	-0.33658	1.83885	-0.32025	1.83885	-0.30653	
1.85126	-0.46651	1.85126	-0.45697	1.85126	-0.44455	1.85126	-0.42820	1.85126	-0.40693	1.85126	-0.35084	1.85126	-0.32107	1.85126	-0.29453	1.85126	-0.27275	1.85126	-0.25567	
1.86332	-0.47048	1.86332	-0.46030	1.86332	-0.44701	1.86332	-0.42941	1.86332	-0.40632	1.86332	-0.34510	1.86332	-0.31291	1.86332	-0.28466	1.86332	-0.26187	1.86332	-0.24426	
1.88081	-0.46510	1.88081	-0.45829	1.88081	-0.45069	1.88081	-0.44237	1.88081	-0.43346	1.88081	-0.41481	1.88081	-0.40565	1.88081	-0.39696	1.88081	-0.38893	1.88081	-0.38166	
1.89209	-0.44920	1.89209	-0.44890	1.89209	-0.44860	1.89209	-0.44830	1.89209	-0.44800	1.89209	-0.44739	1.89209	-0.44708	1.89209	-0.44677	1.89209	-0.44646	1.89209	-0.44614	
1.90309	-0.40650	1.90309	-0.40511	1.90309	-0.40363	1.90309	-0.40205	1.90309	-0.40038	1.90309	-0.39680	1.90309	-0.39492	1.90309	-0.39299	1.90309	-0.39103	1.90309	-0.38906	
1.91908	-0.37965	1.91908	-0.37697	1.91908	-0.37429	1.91908	-0.37163	1.91908	-0.36904	1.91908	-0.36414	1.91908	-0.36187	1.91908	-0.35975	1.91908	-0.35777	1.91908	-0.35595	
1.92942	-0.40153	1.92942	-0.39929	1.92942	-0.39694	1.92942	-0.39452	1.92942	-0.39204	1.92942	-0.38702	1.92942	-0.38454	1.92942	-0.38211	1.92942	-0.37977	1.92942	-0.37752	
1.94448	-0.39075	1.94448	-0.38681	1.94448	-0.38255	1.94448	-0.37802	1.94448	-0.37329	1.94448	-0.36361	1.94448	-0.35888	1.94448	-0.35434	1.94448	-0.35008	1.94448	-0.34614	
1.95424	-0.38692	1.95424	-0.38052	1.95424	-0.37320	1.95424	-0.36502	1.95424	-0.35616	1.95424	-0.33769	1.95424	-0.32884	1.95424	-0.32066	1.95424	-0.31334	1.95424	-0.30693	
1.96848	-0.38777	1.96848	-0.37843	1.96848	-0.36688	1.96848	-0.35295	1.96848	-0.33691	1.96848	-0.30228	1.96848	-0.28624	1.96848	-0.27231	1.96848	-0.26076	1.96848	-0.25142	
1.98227	-0.39111	1.98227	-0.38083	1.98227	-0.36775	1.98227	-0.35148	1.98227	-0.33225	1.98227	-0.29003	1.98227	-0.27079	1.98227	-0.25453	1.98227	-0.24144	1.98227	-0.23116	
1.99564	-0.39441	1.99564	-0.38386	1.99564	-0.37032	1.99564	-0.35333	1.99564	-0.33305	1.99564	-0.28832	1.99564	-0.26805	1.99564	-0.25105	1.99564	-0.23751	1.99564	-0.22697	
2.00860	-0.39700	2.00860	-0.38658	2.00860	-0.37326	2.00860	-0.35663	2.00860	-0.33686	2.00860	-0.29336	2.00860	-0.27359	2.00860	-0.25696	2.00860	-0.24364	2.00860	-0.23322	
2.02119	-0.40283	2.02119	-0.39254	2.02119	-0.37942	2.02119	-0.36311	2.02119	-0.34380	2.02119	-0.30142	2.02119	-0.28211	2.02119	-0.26580	2.02119	-0.25268	2.02119	-0.24239	
2.03342	-0.40820	2.03342	-0.39784	2.03342	-0.38462	2.03342	-0.36814	2.03342	-0.34860	2.03342	-0.30564	2.03342	-0.28609	2.03342	-0.26962	2.03342	-0.25639	2.03342	-0.24604	
2.04532	-0.41358	2.04532	-0.40287	2.04532	-0.38905	2.04532	-0.37159	2.04532	-0.35066	2.04532	-0.30431	2.04532	-0.28337	2.04532	-0.26591	2.04532	-0.25209	2.04532	-0.24138	
2.05690	-0.41579	2.05690	-0.40470	2.05690	-0.39018	2.05690	-0.37158	2.05690	-0.34894	2.05690	-0.29840	2.05690	-0.27576	2.05690	-0.25716	2.05690	-0.24263	2.05690	-0.23154	
2.07188	-0.40064	2.07188	-0.39018	2.07188	-0.37677	2.07188	-0.36000	2.07188	-0.34004	2.07188	-0.29608	2.07188	-0.27612	2.07188	-0.25935	2.07188	-0.24595	2.07188	-0.23548	
2.08279	-0.39516	2.08279	-0.38510	2.08279	-0.37239	2.08279	-0.35670	2.08279	-0.33827	2.08279	-0.29798	2.08279	-0.27955	2.08279	-0.26387	2.08279	-0.25115	2.08279	-0.24109	
2.09691	-0.39886	2.09691	-0.38889	2.09691	-0.37633	2.09691	-0.36089	2.09691	-0.34279	2.09691	-0.30330	2.09691	-0.28520	2.09691	-0.26976	2.09691	-0.25719	2.09691	-0.24723	
2.11059	-0.44044	2.11059	-0.44044	2.11059	-0.44044	2.11059	-0.44044	2.11059	-0.44044	2.11059	-0.44044	2.11059	-0.44044	2.11059	-0.44044	2.11059	-0.44044	2.11059	-0.44044	
2.12385	-0.44632	2.12385	-0.44632	2.12385	-0.44632	2.12385	-0.44632	2.12385	-0.44632	2.12385	-0.44632	2.12385	-0.44632	2.12385	-0.44632	2.12385	-0.44632	2.12385	-0.44632	
2.13672	-0.44795	2.13672	-0.44795	2.13672	-0.44795	2.13672	-0.44795	2.13672	-0.44795	2.13672	-0.44795	2.13672	-0.44795	2.13672	-0.44795	2.13672	-0.44795	2.13672	-0.44795	
2.14922	-0.44967	2.14922	-0.44967	2.14922	-0.44967	2.14922	-0.44967	2.14922	-0.44967	2.14922	-0.44967	2.14922	-0.44967	2.14922	-0.44967	2.14922	-0.44967	2.14922	-0.44967	
2.16137	-0.45486	2.16137	-0.45486	2.16137	-0.45486	2.16137	-0.45486	2.16137	-0.45486	2.16137	-0.45486	2.16137	-0.45486	2.16137	-0.45486	2.16137	-0.45486	2.16137	-0.45486	
2.17319	-0.45644	2.17319	-0.45644	2.17319	-0.45644	2.17319	-0.45644	2.17319	-0.45644	2.17319	-0.45644	2.17319	-0.45644	2.17319	-0.45644	2.17319	-0.45644	2.17319	-0.45644	
2.18752	-0.44899	2.18752	-0.44899	2.18752	-0.44899	2.18752	-0.44899	2.18752	-0.44899	2.18752	-0.44899	2.18752	-0.44899	2.18752	-0.44899	2.18752	-0.44899	2.18752	-0.44899	
2.19866	-0.36968	2.19866	-0.36968	2.19866	-0.36968	2.19866	-0.36968	2.19866	-0.36968	2.19866	-0.36968	2.19866	-0.36968	2.19866	-0.36968	2.19866	-0.36968	2.19866	-0.36968	
2.21219	-0.30477	2.21219	-0.30477	2.21219	-0.30477	2.21219	-0.30477	2.21219	-0.30477	2.21219	-0.30477	2.21219	-0.30477	2.21219	-0.30477	2.21219	-0.30477	2.21219	-0.30477	
2.22531	-0.26830	2.22531	-0.26830	2.22531	-0.26830	2.22531	-0.26830	2.22531	-0.26830	2.22531	-0.26830	2.22531	-0.26830	2.22531	-0.26830	2.22531	-0.26830	2.22531	-0.26830	
2.23805	-0.26693	2.23805	-0.26693	2.23805	-0.26693	2.23805	-0.26693	2.23805	-0.26693	2.23805	-0.26693	2.23805	-0.26693	2.23805	-0.26693	2.23805	-0.26693	2.23805	-0.26693	
2.25042	-0.27167	2.25042	-0.27167	2.25042	-0.27167	2.25042	-0.27167	2.25042	-0.27167	2.25042	-0.27167	2.25042	-0.27167	2.25042	-0.27167	2.25042	-0.27167	2.25042	-0.27167	
2.26482	-0.27085	2.26482	-0.27085	2.26482	-0.27085	2.26482	-0.27085	2.26482	-0.27085	2.26482	-0.27085	2.26482	-0.27085	2.26482	-0.27085	2.26482	-0.27085	2.26482	-0.27085	
2.27646	-0.26216	2.27646	-0.26216	2.27646	-0.26216	2.27646	-0.26216	2.27646	-0.26216	2.27646	-0.26216	2.27646	-0.26216	2.27646	-0.26216	2.27646	-0.26216	2.27646	-0.26216	
2.29003	-0.25741	2.29003	-0.25741	2.29003	-0.25741	2.29003	-0.25741	2.29003	-0.25741	2.29003	-0.25741	2.29003	-0.25741	2.29003	-0.25741	2.29003	-0.25741	2.29003	-0.25741	
2.30320	-0.25106	2.30320	-0.25106	2.30320	-0.25106	2.30320	-0.25106	2.30320	-0.25106	2.30320	-0.25106	2.30320	-0.25106	2.30320	-0.25106	2.30320	-0.25106	2.30320	-0.25106	
2.31597	-0.25177	2.31597	-0.25177	2.31597	-0.25177	2.31597	-0.25177	2.31597	-0.25177	2.31597	-0.25177	2.31597	-0.25177	2.31597	-0.25177	2.31597	-0.25177	2.31597	-0.25177	
2.32838	-0.25661	2.32838	-0.25661	2.32838	-0.25661	2.32838	-0.25661	2.32838	-0.25661	2.32838	-0.25661	2.32838	-0.25661	2.32838	-0.25661	2.32838	-0.25661	2.32838	-0.25661	
2.34044	-0.26037	2.34044	-0.26037	2.34044	-0.26037	2.34044	-0.26037	2.34044	-0.26037	2.34044	-0.26037	2.34044	-0.26037	2.34044	-0.26037	2.34044	-0.26037	2.34044	-0.26037	
2.35411	-0.25887	2.35411	-0.25887	2.35411	-0.25887	2.35411	-0.25887	2.35411	-0.25887	2.35411	-0.25887	2.35411	-0.25887	2.35411	-0.25887	2.35411	-0.25887	2.35411	-0.25887	
2.36736	-0.26342	2.36736	-0.26342	2.36736	-0.26342	2.36736	-0.26342	2.36736	-0.26342	2.36736	-0.26342	2.36736	-0.26342	2.36736	-0.26342	2.36736	-0.26342	2.36736	-0.26342	
2.38021	-0.26824	2.38021	-0.26824	2.38021	-0.26824	2.38021	-0.26824	2.38021	-0.26824	2.38021	-0.26824	2.38021	-0.26824	2.38021	-0.26824	2.38021	-0.26824	2.38021	-0.26824	
