# MesswertTabelle
#
# M e s s w e r t t a b e l l e  der Reihen:
#
# 4 _ln_raw_0 (q=-5.0) [97,97] Werte
# 4 _ln_raw_0 (q=-4.0) [97,97] Werte
# 4 _ln_raw_0 (q=-3.0) [97,97] Werte
# 4 _ln_raw_0 (q=-2.0) [97,97] Werte
# 4 _ln_raw_0 (q=-1.0) [97,97] Werte
# 4 _ln_raw_0 (q=1.0) [97,97] Werte
# 4 _ln_raw_0 (q=2.0) [97,97] Werte
# 4 _ln_raw_0 (q=3.0) [97,97] Werte
# 4 _ln_raw_0 (q=4.0) [97,97] Werte
# 4 _ln_raw_0 (q=5.0) [97,97] Werte
#
#
#s	F(s)	s	F(s)	s	F(s)	s	F(s)	s	F(s)	s	F(s)	s	F(s)	s	F(s)	s	F(s)	s	F(s)	
0.60206	-5.28372	0.60206	-5.19411	0.60206	-5.04482	0.60206	-4.74830	0.60206	-3.98658	0.60206	-2.81945	0.60206	-2.67369	0.60206	-2.57862	0.60206	-2.51127	0.60206	-2.46079	
0.69897	-3.21951	0.69897	-3.15721	0.69897	-3.07478	0.69897	-2.96575	0.69897	-2.82629	0.69897	-2.48167	0.69897	-2.22677	0.69897	-2.00690	0.69897	-1.87141	0.69897	-1.78711	
0.77815	-2.96464	0.77815	-2.89955	0.77815	-2.81381	0.77815	-2.70859	0.77815	-2.59416	0.77815	-2.39492	0.77815	-2.32381	0.77815	-2.26878	0.77815	-2.22560	0.77815	-2.19124	
0.84510	-2.99876	0.84510	-2.92338	0.84510	-2.80680	0.84510	-2.63577	0.84510	-2.46089	0.84510	-2.27964	0.84510	-2.22825	0.84510	-2.18831	0.84510	-2.15684	0.84510	-2.13173	
0.90309	-2.67509	0.90309	-2.62789	0.90309	-2.56630	0.90309	-2.48774	0.90309	-2.39762	0.90309	-2.24625	0.90309	-2.19798	0.90309	-2.16238	0.90309	-2.13494	0.90309	-2.11292	
0.95424	-2.60370	0.95424	-2.56845	0.95424	-2.51799	0.95424	-2.44622	0.95424	-2.35420	0.95424	-2.18313	0.95424	-2.12492	0.95424	-2.07972	0.95424	-2.04340	0.95424	-2.01378	
1.00000	-2.39007	1.00000	-2.35280	1.00000	-2.31048	1.00000	-2.26356	1.00000	-2.20986	1.00000	-2.03113	1.00000	-1.87432	1.00000	-1.72713	1.00000	-1.62503	1.00000	-1.55779	
1.04139	-2.51754	1.04139	-2.47235	1.04139	-2.41155	1.04139	-2.33422	1.04139	-2.24897	1.04139	-2.10520	1.04139	-2.05196	1.04139	-2.00841	1.04139	-1.97291	1.04139	-1.94400	
1.07918	-2.26315	1.07918	-2.23555	1.07918	-2.20452	1.07918	-2.17106	1.07918	-2.13622	1.07918	-2.06344	1.07918	-2.02525	1.07918	-1.98690	1.07918	-1.95045	1.07918	-1.91779	
1.11394	-2.18260	1.11394	-2.16398	1.11394	-2.14096	1.11394	-2.11140	1.11394	-2.07216	1.11394	-1.95748	1.11394	-1.89250	1.11394	-1.83535	1.11394	-1.78977	1.11394	-1.75460	
1.14613	-2.18535	1.14613	-2.15512	1.14613	-2.12014	1.14613	-2.07954	1.14613	-2.03095	1.14613	-1.89978	1.14613	-1.82646	1.14613	-1.76301	1.14613	-1.71396	1.14613	-1.67744	
1.17609	-2.13506	1.17609	-2.10881	1.17609	-2.07625	1.17609	-2.03546	1.17609	-1.98402	1.17609	-1.85087	1.17609	-1.78547	1.17609	-1.73264	1.17609	-1.69282	1.17609	-1.66301	
1.20412	-2.12104	1.20412	-2.09590	1.20412	-2.06465	1.20412	-2.02528	1.20412	-1.97579	1.20412	-1.84990	1.20412	-1.78547	1.20412	-1.72933	1.20412	-1.68374	1.20412	-1.64777	
1.23045	-2.06883	1.23045	-2.04848	1.23045	-2.02010	1.23045	-1.97883	1.23045	-1.91894	1.23045	-1.75775	1.23045	-1.68811	1.23045	-1.63607	1.23045	-1.59796	1.23045	-1.56953	
1.25527	-2.02776	1.25527	-2.00723	1.25527	-1.98158	1.25527	-1.94818	1.25527	-1.90283	1.25527	-1.76511	1.25527	-1.68843	1.25527	-1.62508	1.25527	-1.57808	1.25527	-1.54411	
1.27875	-2.07116	1.27875	-2.04159	1.27875	-2.00164	1.27875	-1.94797	1.27875	-1.87915	1.27875	-1.71736	1.27875	-1.64433	1.27875	-1.58566	1.27875	-1.54141	1.27875	-1.50874	
1.30103	-2.03546	1.30103	-2.00765	1.30103	-1.97100	1.30103	-1.92069	1.30103	-1.85094	1.30103	-1.67322	1.30103	-1.60160	1.30103	-1.55043	1.30103	-1.51395	1.30103	-1.48686	
1.32222	-1.90989	1.32222	-1.89389	1.32222	-1.87205	1.32222	-1.84125	1.32222	-1.79697	1.32222	-1.65908	1.32222	-1.58361	1.32222	-1.52217	1.32222	-1.47693	1.32222	-1.44429	
1.34242	-1.96606	1.34242	-1.94361	1.34242	-1.91437	1.34242	-1.87389	1.34242	-1.81539	1.34242	-1.64303	1.34242	-1.56278	1.34242	-1.50280	1.34242	-1.45931	1.34242	-1.42693	
1.36173	-1.97950	1.36173	-1.95246	1.36173	-1.91635	1.36173	-1.86652	1.36173	-1.79535	1.36173	-1.58294	1.36173	-1.48746	1.36173	-1.42166	1.36173	-1.37823	1.36173	-1.34866	
1.38021	-1.95253	1.38021	-1.92110	1.38021	-1.88123	1.38021	-1.83115	1.38021	-1.76888	1.38021	-1.60395	1.38021	-1.51757	1.38021	-1.44753	1.38021	-1.39629	1.38021	-1.35952	
1.39794	-2.00046	1.39794	-1.96811	1.39794	-1.92322	1.39794	-1.86014	1.39794	-1.77459	1.39794	-1.56999	1.39794	-1.48512	1.39794	-1.42036	1.39794	-1.37216	1.39794	-1.33615	
1.41497	-2.04125	1.41497	-2.00994	1.41497	-1.96663	1.41497	-1.90357	1.41497	-1.80802	1.41497	-1.53477	1.41497	-1.43142	1.41497	-1.36428	1.41497	-1.31988	1.41497	-1.28891	
1.43136	-1.91313	1.43136	-1.89230	1.43136	-1.86414	1.43136	-1.82443	1.43136	-1.76572	1.43136	-1.56353	1.43136	-1.45392	1.43136	-1.37299	1.43136	-1.31822	1.43136	-1.28056	
1.44716	-1.84659	1.44716	-1.82598	1.44716	-1.79862	1.44716	-1.76070	1.44716	-1.70608	1.44716	-1.52840	1.44716	-1.43002	1.44716	-1.35252	1.44716	-1.29749	1.44716	-1.25886	
1.46240	-1.82083	1.46240	-1.79835	1.46240	-1.76795	1.46240	-1.72469	1.46240	-1.65982	1.46240	-1.44866	1.46240	-1.34941	1.46240	-1.28154	1.46240	-1.23751	1.46240	-1.20798	
1.47712	-1.77437	1.47712	-1.75823	1.47712	-1.73576	1.47712	-1.70319	1.47712	-1.65416	1.47712	-1.48434	1.47712	-1.38684	1.47712	-1.30960	1.47712	-1.25476	1.47712	-1.21629	
1.49136	-1.77512	1.49136	-1.75597	1.49136	-1.72968	1.49136	-1.69194	1.49136	-1.63631	1.49136	-1.46007	1.49136	-1.36657	1.49136	-1.29271	1.49136	-1.23932	1.49136	-1.20126	
1.50515	-1.80962	1.50515	-1.79471	1.50515	-1.77500	1.50515	-1.74675	1.50515	-1.70140	1.50515	-1.49859	1.50515	-1.36948	1.50515	-1.27593	1.50515	-1.21574	1.50515	-1.17621	
1.51851	-1.83006	1.51851	-1.81091	1.51851	-1.78324	1.51851	-1.73992	1.51851	-1.66716	1.51851	-1.41166	1.51851	-1.30197	1.51851	-1.23057	1.51851	-1.18392	1.51851	-1.15168	
1.53148	-1.81048	1.53148	-1.78916	1.53148	-1.75872	1.53148	-1.71249	1.53148	-1.63791	1.53148	-1.38589	1.53148	-1.27768	1.53148	-1.20746	1.53148	-1.16215	1.53148	-1.13120	
1.54407	-1.80179	1.54407	-1.77826	1.54407	-1.74577	1.54407	-1.69958	1.54407	-1.63222	1.54407	-1.41368	1.54407	-1.30055	1.54407	-1.21798	1.54407	-1.16255	1.54407	-1.12491	
1.55630	-1.83142	1.55630	-1.81113	1.55630	-1.78269	1.55630	-1.74129	1.55630	-1.67772	1.55630	-1.42826	1.55630	-1.28772	1.55630	-1.19258	1.55630	-1.13381	1.55630	-1.09614	
1.56820	-1.81237	1.56820	-1.79137	1.56820	-1.76090	1.56820	-1.71364	1.56820	-1.63509	1.56820	-1.35315	1.56820	-1.23180	1.56820	-1.15509	1.56820	-1.10655	1.56820	-1.07392	
1.57978	-1.81954	1.57978	-1.79853	1.57978	-1.76806	1.57978	-1.72179	1.57978	-1.64840	1.57978	-1.38120	1.57978	-1.24646	1.57978	-1.15604	1.57978	-1.09921	1.57978	-1.06222	
1.59106	-1.84201	1.59106	-1.81998	1.59106	-1.78780	1.59106	-1.73712	1.59106	-1.65052	1.59106	-1.33241	1.59106	-1.20379	1.59106	-1.12594	1.59106	-1.07756	1.59106	-1.04519	
1.61278	-1.76143	1.61278	-1.73900	1.61278	-1.70662	1.61278	-1.65616	1.61278	-1.57267	1.61278	-1.29577	1.61278	-1.18061	1.61278	-1.10463	1.61278	-1.05469	1.61278	-1.02060	
1.62325	-1.66446	1.62325	-1.65118	1.62325	-1.63265	1.62325	-1.60414	1.62325	-1.55430	1.62325	-1.31095	1.62325	-1.17108	1.62325	-1.08106	1.62325	-1.02715	1.62325	-0.99305	
1.63347	-1.61211	1.63347	-1.60367	1.63347	-1.59139	1.63347	-1.57134	1.63347	-1.53310	1.63347	-1.30786	1.63347	-1.16265	1.63347	-1.06877	1.63347	-1.01348	1.63347	-0.97897	
1.64345	-1.58623	1.64345	-1.57472	1.64345	-1.55737	1.64345	-1.52882	1.64345	-1.47747	1.64345	-1.25008	1.64345	-1.12826	1.64345	-1.04739	1.64345	-0.99694	1.64345	-0.96407	
1.66276	-1.53888	1.66276	-1.52671	1.66276	-1.50855	1.66276	-1.47885	1.66276	-1.42592	1.66276	-1.20334	1.66276	-1.08882	1.66276	-1.01242	1.66276	-0.96404	1.66276	-0.93209	
1.67210	-1.53427	1.67210	-1.52241	1.67210	-1.50451	1.67210	-1.47490	1.67210	-1.42151	1.67210	-1.19356	1.67210	-1.07672	1.67210	-0.99946	1.67210	-0.95079	1.67210	-0.91873	
1.69020	-1.53677	1.69020	-1.52104	1.69020	-1.49889	1.69020	-1.46489	1.69020	-1.40753	1.69020	-1.17440	1.69020	-1.05484	1.69020	-0.97550	1.69020	-0.92567	1.69020	-0.89305	
1.69897	-1.51867	1.69897	-1.50119	1.69897	-1.47624	1.69897	-1.43836	1.69897	-1.37725	1.69897	-1.15167	1.69897	-1.03837	1.69897	-0.96125	1.69897	-0.91193	1.69897	-0.87939	
1.71600	-1.56519	1.71600	-1.55111	1.71600	-1.52998	1.71600	-1.49535	1.71600	-1.43180	1.71600	-1.13577	1.71600	-0.99536	1.71600	-0.91337	1.71600	-0.86602	1.71600	-0.83644	
1.72428	-1.56799	1.72428	-1.55393	1.72428	-1.53229	1.72428	-1.49601	1.72428	-1.42853	1.72428	-1.12237	1.72428	-0.98291	1.72428	-0.90192	1.72428	-0.85495	1.72428	-0.82549	
1.74036	-1.60771	1.74036	-1.59233	1.74036	-1.56885	1.74036	-1.52937	1.74036	-1.45486	1.74036	-1.11135	1.74036	-0.96339	1.74036	-0.88064	1.74036	-0.83333	1.74036	-0.80379	
1.74819	-1.62144	1.74819	-1.60535	1.74819	-1.58016	1.74819	-1.53604	1.74819	-1.44929	1.74819	-1.08042	1.74819	-0.94263	1.74819	-0.86600	1.74819	-0.82101	1.74819	-0.79226	
1.76343	-1.66444	1.76343	-1.64150	1.76343	-1.60772	1.76343	-1.55270	1.76343	-1.45172	1.76343	-1.05912	1.76343	-0.92111	1.76343	-0.84484	1.76343	-0.79999	1.76343	-0.77129	
1.77815	-1.68955	1.77815	-1.66538	1.77815	-1.62976	1.77815	-1.57225	1.77815	-1.46790	1.77815	-1.05284	1.77815	-0.90514	1.77815	-0.82497	1.77815	-0.77872	1.77815	-0.74952	
1.78533	-1.68935	1.78533	-1.66498	1.78533	-1.62908	1.78533	-1.57121	1.78533	-1.46642	1.78533	-1.04608	1.78533	-0.89582	1.78533	-0.81469	1.78533	-0.76812	1.78533	-0.73882	
1.79934	-1.59158	1.79934	-1.58043	1.79934	-1.56337	1.79934	-1.53241	1.79934	-1.46111	1.79934	-0.99856	1.79934	-0.83292	1.79934	-0.75722	1.79934	-0.71771	1.79934	-0.69388	
1.81291	-1.55950	1.81291	-1.54670	1.81291	-1.52777	1.81291	-1.49482	1.81291	-1.42224	1.81291	-0.97624	1.81291	-0.81446	1.81291	-0.73927	1.81291	-0.69982	1.81291	-0.67599	
1.82607	-1.54581	1.82607	-1.52752	1.82607	-1.50112	1.82607	-1.45859	1.82607	-1.37572	1.82607	-0.94848	1.82607	-0.79517	1.82607	-0.72144	1.82607	-0.68219	1.82607	-0.65839	
1.83885	-1.44948	1.83885	-1.43254	1.83885	-1.40825	1.83885	-1.36907	1.83885	-1.29343	1.83885	-0.91986	1.83885	-0.77696	1.83885	-0.70485	1.83885	-0.66583	1.83885	-0.64206	
1.85126	-1.37106	1.85126	-1.35406	1.85126	-1.32971	1.85126	-1.29088	1.85126	-1.21851	1.85126	-0.88948	1.85126	-0.75809	1.85126	-0.68825	1.85126	-0.64961	1.85126	-0.62591	
1.86332	-1.32527	1.86332	-1.31098	1.86332	-1.29035	1.86332	-1.25643	1.86332	-1.19052	1.86332	-0.87432	1.86332	-0.74355	1.86332	-0.67359	1.86332	-0.63490	1.86332	-0.61118	
1.88081	-1.24239	1.88081	-1.22652	1.88081	-1.20390	1.88081	-1.16810	1.88081	-1.10370	1.88081	-0.83383	1.88081	-0.71843	1.88081	-0.65226	1.88081	-0.61434	1.88081	-0.59077	
1.89209	-1.21342	1.89209	-1.19922	1.89209	-1.17882	1.89209	-1.14586	1.89209	-1.08503	1.89209	-0.82111	1.89209	-0.70579	1.89209	-0.63945	1.89209	-0.60147	1.89209	-0.57788	
1.90309	-1.20935	1.90309	-1.19556	1.90309	-1.17564	1.90309	-1.14316	1.90309	-1.08226	1.90309	-0.81151	1.90309	-0.69365	1.90309	-0.62663	1.90309	-0.58849	1.90309	-0.56487	
1.91908	-1.23966	1.91908	-1.22346	1.91908	-1.20031	1.91908	-1.16345	1.91908	-1.09565	1.91908	-0.79805	1.91908	-0.67455	1.91908	-0.60640	1.91908	-0.56807	1.91908	-0.54442	
1.92942	-1.26023	1.92942	-1.24520	1.92942	-1.22041	1.92942	-1.17357	1.92942	-1.07261	1.92942	-0.68330	1.92942	-0.58234	1.92942	-0.53550	1.92942	-0.51071	1.92942	-0.49568	
1.94448	-1.21230	1.94448	-1.19728	1.94448	-1.17254	1.94448	-1.12612	1.94448	-1.02785	1.94448	-0.65900	1.94448	-0.56073	1.94448	-0.51431	1.94448	-0.48957	1.94448	-0.47455	
1.95424	-1.21566	1.95424	-1.20064	1.95424	-1.17587	1.95424	-1.12918	1.95424	-1.02920	1.95424	-0.64750	1.95424	-0.54752	1.95424	-0.50083	1.95424	-0.47605	1.95424	-0.46103	
1.96848	-1.26245	1.96848	-1.24742	1.96848	-1.22253	1.96848	-1.17496	1.96848	-1.06868	1.96848	-0.63517	1.96848	-0.52888	1.96848	-0.48132	1.96848	-0.45643	1.96848	-0.44139	
1.98227	-1.31934	1.98227	-1.30430	1.98227	-1.27933	1.98227	-1.23104	1.98227	-1.11845	1.98227	-0.62433	1.98227	-0.51174	1.98227	-0.46345	1.98227	-0.43848	1.98227	-0.42344	
1.99564	-1.31624	1.99564	-1.30120	1.99564	-1.27622	1.99564	-1.22781	1.99564	-1.11414	1.99564	-0.60848	1.99564	-0.49482	1.99564	-0.44641	1.99564	-0.42143	1.99564	-0.40639	
2.00860	-1.22779	2.00860	-1.21275	2.00860	-1.18784	2.00860	-1.14010	2.00860	-1.03238	2.00860	-0.58597	2.00860	-0.47826	2.00860	-0.43051	2.00860	-0.40561	2.00860	-0.39057	
2.02119	-1.14290	2.02119	-1.12787	2.02119	-1.10307	2.02119	-1.05620	2.02119	-0.95500	2.02119	-0.56386	2.02119	-0.46266	2.02119	-0.41579	2.02119	-0.39099	2.02119	-0.37596	
2.03342	-1.06585	2.03342	-1.05084	2.03342	-1.02619	2.03342	-0.98035	2.03342	-0.88565	2.03342	-0.54202	2.03342	-0.44732	2.03342	-0.40148	2.03342	-0.37682	2.03342	-0.36182	
2.04532	-1.08824	2.04532	-1.07323	2.04532	-1.04849	2.04532	-1.00206	2.04532	-0.90375	2.04532	-0.53461	2.04532	-0.43630	2.04532	-0.38987	2.04532	-0.36513	2.04532	-0.35012	
2.05690	-1.09856	2.05690	-1.08354	2.05690	-1.05875	2.05690	-1.01197	2.05690	-0.91140	2.05690	-0.52518	2.05690	-0.42461	2.05690	-0.37783	2.05690	-0.35304	2.05690	-0.33802	
2.07188	-1.10757	2.07188	-1.09254	2.07188	-1.06771	2.07188	-1.02060	2.07188	-0.91774	2.07188	-0.51331	2.07188	-0.41045	2.07188	-0.36334	2.07188	-0.33851	2.07188	-0.32348	
2.08279	-1.11533	2.08279	-1.10030	2.08279	-1.07544	2.08279	-1.02810	2.08279	-0.92349	2.08279	-0.50454	2.08279	-0.39993	2.08279	-0.35259	2.08279	-0.32773	2.08279	-0.31270	
2.09691	-1.08639	2.09691	-1.07137	2.09691	-1.04653	2.09691	-0.99936	2.09691	-0.89604	2.09691	-0.48791	2.09691	-0.38460	2.09691	-0.33743	2.09691	-0.31259	2.09691	-0.29756	
2.11059	-0.22284	2.11059	-0.22284	2.11059	-0.22284	2.11059	-0.22284	2.11059	-0.22284	2.11059	-0.22284	2.11059	-0.22284	2.11059	-0.22284	2.11059	-0.22284	2.11059	-0.22284	
2.12385	-0.21104	2.12385	-0.21104	2.12385	-0.21104	2.12385	-0.21104	2.12385	-0.21104	2.12385	-0.21104	2.12385	-0.21104	2.12385	-0.21104	2.12385	-0.21104	2.12385	-0.21104	
2.13672	-0.19802	2.13672	-0.19802	2.13672	-0.19802	2.13672	-0.19802	2.13672	-0.19802	2.13672	-0.19802	2.13672	-0.19802	2.13672	-0.19802	2.13672	-0.19802	2.13672	-0.19802	
2.14922	-0.18443	2.14922	-0.18443	2.14922	-0.18443	2.14922	-0.18443	2.14922	-0.18443	2.14922	-0.18443	2.14922	-0.18443	2.14922	-0.18443	2.14922	-0.18443	2.14922	-0.18443	
2.16137	-0.17150	2.16137	-0.17150	2.16137	-0.17150	2.16137	-0.17150	2.16137	-0.17150	2.16137	-0.17150	2.16137	-0.17150	2.16137	-0.17150	2.16137	-0.17150	2.16137	-0.17150	
2.17319	-0.15846	2.17319	-0.15846	2.17319	-0.15846	2.17319	-0.15846	2.17319	-0.15846	2.17319	-0.15846	2.17319	-0.15846	2.17319	-0.15846	2.17319	-0.15846	2.17319	-0.15846	
2.18752	-0.14197	2.18752	-0.14197	2.18752	-0.14197	2.18752	-0.14197	2.18752	-0.14197	2.18752	-0.14197	2.18752	-0.14197	2.18752	-0.14197	2.18752	-0.14197	2.18752	-0.14197	
2.19866	-0.12869	2.19866	-0.12869	2.19866	-0.12869	2.19866	-0.12869	2.19866	-0.12869	2.19866	-0.12869	2.19866	-0.12869	2.19866	-0.12869	2.19866	-0.12869	2.19866	-0.12869	
2.21219	-0.11410	2.21219	-0.11410	2.21219	-0.11410	2.21219	-0.11410	2.21219	-0.11410	2.21219	-0.11410	2.21219	-0.11410	2.21219	-0.11410	2.21219	-0.11410	2.21219	-0.11410	
2.22531	-0.09913	2.22531	-0.09913	2.22531	-0.09913	2.22531	-0.09913	2.22531	-0.09913	2.22531	-0.09913	2.22531	-0.09913	2.22531	-0.09913	2.22531	-0.09913	2.22531	-0.09913	
2.23805	-0.08304	2.23805	-0.08304	2.23805	-0.08304	2.23805	-0.08304	2.23805	-0.08304	2.23805	-0.08304	2.23805	-0.08304	2.23805	-0.08304	2.23805	-0.08304	2.23805	-0.08304	
2.25042	-0.06681	2.25042	-0.06681	2.25042	-0.06681	2.25042	-0.06681	2.25042	-0.06681	2.25042	-0.06681	2.25042	-0.06681	2.25042	-0.06681	2.25042	-0.06681	2.25042	-0.06681	
2.26482	-0.05018	2.26482	-0.05018	2.26482	-0.05018	2.26482	-0.05018	2.26482	-0.05018	2.26482	-0.05018	2.26482	-0.05018	2.26482	-0.05018	2.26482	-0.05018	2.26482	-0.05018	
2.27646	-0.03661	2.27646	-0.03661	2.27646	-0.03661	2.27646	-0.03661	2.27646	-0.03661	2.27646	-0.03661	2.27646	-0.03661	2.27646	-0.03661	2.27646	-0.03661	2.27646	-0.03661	
2.29003	-0.02266	2.29003	-0.02266	2.29003	-0.02266	2.29003	-0.02266	2.29003	-0.02266	2.29003	-0.02266	2.29003	-0.02266	2.29003	-0.02266	2.29003	-0.02266	2.29003	-0.02266	
2.30320	-0.00574	2.30320	-0.00574	2.30320	-0.00574	2.30320	-0.00574	2.30320	-0.00574	2.30320	-0.00574	2.30320	-0.00574	2.30320	-0.00574	2.30320	-0.00574	2.30320	-0.00574	
2.31597	0.01127	2.31597	0.01127	2.31597	0.01127	2.31597	0.01127	2.31597	0.01127	2.31597	0.01127	2.31597	0.01127	2.31597	0.01127	2.31597	0.01127	2.31597	0.01127	
2.32838	0.02928	2.32838	0.02928	2.32838	0.02928	2.32838	0.02928	2.32838	0.02928	2.32838	0.02928	2.32838	0.02928	2.32838	0.02928	2.32838	0.02928	2.32838	0.02928	
2.34044	0.04523	2.34044	0.04523	2.34044	0.04523	2.34044	0.04523	2.34044	0.04523	2.34044	0.04523	2.34044	0.04523	2.34044	0.04523	2.34044	0.04523	2.34044	0.04523	
2.35411	0.05875	2.35411	0.05875	2.35411	0.05875	2.35411	0.05875	2.35411	0.05875	2.35411	0.05875	2.35411	0.05875	2.35411	0.05875	2.35411	0.05875	2.35411	0.05875	
2.36736	0.07356	2.36736	0.07356	2.36736	0.07356	2.36736	0.07356	2.36736	0.07356	2.36736	0.07356	2.36736	0.07356	2.36736	0.07356	2.36736	0.07356	2.36736	0.07356	
2.38021	0.08865	2.38021	0.08865	2.38021	0.08865	2.38021	0.08865	2.38021	0.08865	2.38021	0.08865	2.38021	0.08865	2.38021	0.08865	2.38021	0.08865	2.38021	0.08865	
