# MesswertTabelle
#
# M e s s w e r t t a b e l l e  der Reihen:
#
# 4 _ln_shuffled_1 (q=-5.0) [97,97] Werte
# 4 _ln_shuffled_1 (q=-4.0) [97,97] Werte
# 4 _ln_shuffled_1 (q=-3.0) [97,97] Werte
# 4 _ln_shuffled_1 (q=-2.0) [97,97] Werte
# 4 _ln_shuffled_1 (q=-1.0) [97,97] Werte
# 4 _ln_shuffled_1 (q=1.0) [97,97] Werte
# 4 _ln_shuffled_1 (q=2.0) [97,97] Werte
# 4 _ln_shuffled_1 (q=3.0) [97,97] Werte
# 4 _ln_shuffled_1 (q=4.0) [97,97] Werte
# 4 _ln_shuffled_1 (q=5.0) [97,97] Werte
#
#
#s	F(s)	s	F(s)	s	F(s)	s	F(s)	s	F(s)	s	F(s)	s	F(s)	s	F(s)	s	F(s)	s	F(s)	
0.60206	-4.52044	0.60206	-4.43082	0.60206	-4.28146	0.60206	-3.98294	0.60206	-3.12627	0.60206	-1.31776	0.60206	-1.18042	0.60206	-1.08922	0.60206	-1.02636	0.60206	-0.98142	
0.69897	-1.96591	0.69897	-1.90407	0.69897	-1.80931	0.69897	-1.65552	0.69897	-1.43423	0.69897	-1.11933	0.69897	-1.04493	0.69897	-0.99343	0.69897	-0.95614	0.69897	-0.92833	
0.77815	-1.61072	0.77815	-1.53984	0.77815	-1.44094	0.77815	-1.31521	0.77815	-1.18885	0.77815	-1.01781	0.77815	-0.96668	0.77815	-0.92987	0.77815	-0.90285	0.77815	-0.88247	
0.84510	-1.33781	0.84510	-1.30263	0.84510	-1.25846	0.84510	-1.20386	0.84510	-1.14023	0.84510	-1.01514	0.84510	-0.96757	0.84510	-0.93092	0.84510	-0.90250	0.84510	-0.87985	
0.90309	-1.26714	0.90309	-1.22287	0.90309	-1.16713	0.90309	-1.10441	0.90309	-1.04624	0.90309	-0.97036	0.90309	-0.94823	0.90309	-0.93177	0.90309	-0.91892	0.90309	-0.90851	
0.95424	-1.27423	0.95424	-1.22384	0.95424	-1.16035	0.95424	-1.08771	0.95424	-1.01754	0.95424	-0.91800	0.95424	-0.88608	0.95424	-0.86091	0.95424	-0.83994	0.95424	-0.82169	
1.00000	-1.17047	1.00000	-1.13704	1.00000	-1.09377	1.00000	-1.04140	1.00000	-0.98578	1.00000	-0.89358	1.00000	-0.86001	1.00000	-0.83219	1.00000	-0.80852	1.00000	-0.78813	
1.04139	-1.12947	1.04139	-1.09688	1.04139	-1.05766	1.04139	-1.01320	1.04139	-0.96689	1.04139	-0.88333	1.04139	-0.84968	1.04139	-0.82165	1.04139	-0.79861	1.04139	-0.77972	
1.07918	-1.05561	1.07918	-1.02270	1.07918	-0.98280	1.07918	-0.93777	1.07918	-0.89186	1.07918	-0.81272	1.07918	-0.78159	1.07918	-0.75535	1.07918	-0.73326	1.07918	-0.71468	
1.11394	-1.06415	1.11394	-1.02280	1.11394	-0.97502	1.11394	-0.92533	1.11394	-0.87953	1.11394	-0.80847	1.11394	-0.78146	1.11394	-0.75841	1.11394	-0.73847	1.11394	-0.72110	
1.14613	-0.93620	1.14613	-0.91451	1.14613	-0.89110	1.14613	-0.86688	1.14613	-0.84281	1.14613	-0.79763	1.14613	-0.77704	1.14613	-0.75790	1.14613	-0.74030	1.14613	-0.72431	
1.17609	-0.99684	1.17609	-0.96146	1.17609	-0.92191	1.17609	-0.88153	1.17609	-0.84380	1.17609	-0.78123	1.17609	-0.75587	1.17609	-0.73400	1.17609	-0.71542	1.17609	-0.69986	
1.20412	-0.88201	1.20412	-0.86889	1.20412	-0.85348	1.20412	-0.83559	1.20412	-0.81527	1.20412	-0.77010	1.20412	-0.74778	1.20412	-0.72734	1.20412	-0.70949	1.20412	-0.69436	
1.23045	-0.90845	1.23045	-0.88954	1.23045	-0.86756	1.23045	-0.84321	1.23045	-0.81797	1.23045	-0.77143	1.23045	-0.75207	1.23045	-0.73543	1.23045	-0.72118	1.23045	-0.70894	
1.25527	-0.83369	1.25527	-0.81710	1.25527	-0.79954	1.25527	-0.78145	1.25527	-0.76336	1.25527	-0.72900	1.25527	-0.71338	1.25527	-0.69905	1.25527	-0.68609	1.25527	-0.67448	
1.27875	-0.88342	1.27875	-0.85979	1.27875	-0.83421	1.27875	-0.80741	1.27875	-0.77994	1.27875	-0.72426	1.27875	-0.69728	1.27875	-0.67231	1.27875	-0.65030	1.27875	-0.63164	
1.30103	-0.81415	1.30103	-0.80460	1.30103	-0.79295	1.30103	-0.77872	1.30103	-0.76159	1.30103	-0.71940	1.30103	-0.69645	1.30103	-0.67434	1.30103	-0.65432	1.30103	-0.63694	
1.32222	-0.75961	1.32222	-0.75211	1.32222	-0.74322	1.32222	-0.73262	1.32222	-0.72001	1.32222	-0.68851	1.32222	-0.67047	1.32222	-0.65214	1.32222	-0.63459	1.32222	-0.61860	
1.34242	-0.90141	1.34242	-0.87061	1.34242	-0.83616	1.34242	-0.80119	1.34242	-0.76912	1.34242	-0.71797	1.34242	-0.69713	1.34242	-0.67802	1.34242	-0.66019	1.34242	-0.64363	
1.36173	-0.78414	1.36173	-0.76857	1.36173	-0.75092	1.36173	-0.73145	1.36173	-0.71073	1.36173	-0.66839	1.36173	-0.64823	1.36173	-0.62952	1.36173	-0.61263	1.36173	-0.59774	
1.38021	-0.72845	1.38021	-0.72148	1.38021	-0.71321	1.38021	-0.70330	1.38021	-0.69145	1.38021	-0.66143	1.38021	-0.64398	1.38021	-0.62608	1.38021	-0.60879	1.38021	-0.59296	
1.39794	-0.76124	1.39794	-0.75203	1.39794	-0.74088	1.39794	-0.72757	1.39794	-0.71213	1.39794	-0.67716	1.39794	-0.65969	1.39794	-0.64359	1.39794	-0.62940	1.39794	-0.61726	
1.41497	-0.91936	1.41497	-0.88602	1.41497	-0.84534	1.41497	-0.79986	1.41497	-0.75510	1.41497	-0.68488	1.41497	-0.66019	1.41497	-0.64062	1.41497	-0.62493	1.41497	-0.61222	
1.43136	-0.79263	1.43136	-0.77614	1.43136	-0.75522	1.43136	-0.72911	1.43136	-0.69806	1.43136	-0.63052	1.43136	-0.60038	1.43136	-0.57491	1.43136	-0.55392	1.43136	-0.53661	
1.44716	-0.73633	1.44716	-0.72608	1.44716	-0.71417	1.44716	-0.70068	1.44716	-0.68597	1.44716	-0.65573	1.44716	-0.64179	1.44716	-0.62937	1.44716	-0.61865	1.44716	-0.60955	
1.46240	-0.73792	1.46240	-0.72758	1.46240	-0.71467	1.46240	-0.69840	1.46240	-0.67797	1.46240	-0.62455	1.46240	-0.59457	1.46240	-0.56584	1.46240	-0.54029	1.46240	-0.51860	
1.47712	-0.72187	1.47712	-0.71077	1.47712	-0.69778	1.47712	-0.68284	1.47712	-0.66615	1.47712	-0.63006	1.47712	-0.61256	1.47712	-0.59653	1.47712	-0.58236	1.47712	-0.57013	
1.49136	-0.70491	1.49136	-0.69038	1.49136	-0.67392	1.49136	-0.65617	1.49136	-0.63817	1.49136	-0.60580	1.49136	-0.59267	1.49136	-0.58164	1.49136	-0.57240	1.49136	-0.56460	
1.50515	-0.72032	1.50515	-0.71021	1.50515	-0.69911	1.50515	-0.68723	1.50515	-0.67490	1.50515	-0.65066	1.50515	-0.63959	1.50515	-0.62957	1.50515	-0.62069	1.50515	-0.61292	
1.51851	-0.80079	1.51851	-0.77901	1.51851	-0.75227	1.51851	-0.72022	1.51851	-0.68374	1.51851	-0.60854	1.51851	-0.57569	1.51851	-0.54771	1.51851	-0.52432	1.51851	-0.50486	
1.53148	-0.69058	1.53148	-0.67705	1.53148	-0.66091	1.53148	-0.64218	1.53148	-0.62141	1.53148	-0.57900	1.53148	-0.56014	1.53148	-0.54386	1.53148	-0.53016	1.53148	-0.51870	
1.54407	-0.65446	1.54407	-0.64194	1.54407	-0.62711	1.54407	-0.60960	1.54407	-0.58923	1.54407	-0.54200	1.54407	-0.51788	1.54407	-0.49554	1.54407	-0.47596	1.54407	-0.45937	
1.55630	-0.66903	1.55630	-0.66064	1.55630	-0.65121	1.55630	-0.64064	1.55630	-0.62891	1.55630	-0.60246	1.55630	-0.58844	1.55630	-0.57458	1.55630	-0.56138	1.55630	-0.54922	
1.56820	-0.70069	1.56820	-0.68704	1.56820	-0.67288	1.56820	-0.65893	1.56820	-0.64593	1.56820	-0.62446	1.56820	-0.61615	1.56820	-0.60924	1.56820	-0.60349	1.56820	-0.59868	
1.57978	-0.67661	1.57978	-0.66357	1.57978	-0.64960	1.57978	-0.63525	1.57978	-0.62120	1.57978	-0.59625	1.57978	-0.58590	1.57978	-0.57695	1.57978	-0.56924	1.57978	-0.56256	
1.59106	-0.66829	1.59106	-0.65353	1.59106	-0.63594	1.59106	-0.61544	1.59106	-0.59240	1.59106	-0.54300	1.59106	-0.51935	1.59106	-0.49777	1.59106	-0.47873	1.59106	-0.46227	
1.61278	-0.61409	1.61278	-0.60013	1.61278	-0.58511	1.61278	-0.56940	1.61278	-0.55340	1.61278	-0.52174	1.61278	-0.50648	1.61278	-0.49184	1.61278	-0.47804	1.61278	-0.46529	
1.62325	-0.61117	1.62325	-0.60815	1.62325	-0.60502	1.62325	-0.60181	1.62325	-0.59856	1.62325	-0.59211	1.62325	-0.58899	1.62325	-0.58598	1.62325	-0.58312	1.62325	-0.58042	
1.63347	-0.70061	1.63347	-0.68346	1.63347	-0.66498	1.63347	-0.64655	1.63347	-0.62970	1.63347	-0.60426	1.63347	-0.59569	1.63347	-0.58926	1.63347	-0.58445	1.63347	-0.58081	
1.64345	-0.63929	1.64345	-0.62714	1.64345	-0.61442	1.64345	-0.60170	1.64345	-0.58952	1.64345	-0.56823	1.64345	-0.55934	1.64345	-0.55152	1.64345	-0.54460	1.64345	-0.53844	
1.66276	-0.59477	1.66276	-0.58591	1.66276	-0.57611	1.66276	-0.56543	1.66276	-0.55406	1.66276	-0.53060	1.66276	-0.51929	1.66276	-0.50872	1.66276	-0.49911	1.66276	-0.49053	
1.67210	-0.58645	1.67210	-0.57605	1.67210	-0.56324	1.67210	-0.54743	1.67210	-0.52821	1.67210	-0.48124	1.67210	-0.45662	1.67210	-0.43385	1.67210	-0.41407	1.67210	-0.39755	
1.69020	-0.62821	1.69020	-0.61201	1.69020	-0.59274	1.69020	-0.57029	1.69020	-0.54522	1.69020	-0.49353	1.69020	-0.47075	1.69020	-0.45155	1.69020	-0.43598	1.69020	-0.42360	
1.69897	-0.62104	1.69897	-0.60509	1.69897	-0.58625	1.69897	-0.56456	1.69897	-0.54064	1.69897	-0.49209	1.69897	-0.47079	1.69897	-0.45274	1.69897	-0.43798	1.69897	-0.42612	
1.71600	-0.59176	1.71600	-0.58535	1.71600	-0.57808	1.71600	-0.56985	1.71600	-0.56063	1.71600	-0.53958	1.71600	-0.52827	1.71600	-0.51696	1.71600	-0.50607	1.71600	-0.49593	
1.72428	-0.59819	1.72428	-0.59131	1.72428	-0.58355	1.72428	-0.57487	1.72428	-0.56525	1.72428	-0.54374	1.72428	-0.53241	1.72428	-0.52119	1.72428	-0.51048	1.72428	-0.50057	
1.74036	-0.51882	1.74036	-0.51096	1.74036	-0.50184	1.74036	-0.49150	1.74036	-0.48015	1.74036	-0.45623	1.74036	-0.44479	1.74036	-0.43432	1.74036	-0.42506	1.74036	-0.41705	
1.74819	-0.51416	1.74819	-0.50600	1.74819	-0.49633	1.74819	-0.48514	1.74819	-0.47265	1.74819	-0.44601	1.74819	-0.43330	1.74819	-0.42179	1.74819	-0.41175	1.74819	-0.40321	
1.76343	-0.50825	1.76343	-0.50036	1.76343	-0.49099	1.76343	-0.48012	1.76343	-0.46801	1.76343	-0.44228	1.76343	-0.43010	1.76343	-0.41913	1.76343	-0.40963	1.76343	-0.40161	
1.77815	-0.51358	1.77815	-0.50715	1.77815	-0.49915	1.77815	-0.48919	1.77815	-0.47688	1.77815	-0.44516	1.77815	-0.42698	1.77815	-0.40884	1.77815	-0.39194	1.77815	-0.37701	
1.78533	-0.50431	1.78533	-0.49945	1.78533	-0.49332	1.78533	-0.48552	1.78533	-0.47565	1.78533	-0.44898	1.78533	-0.43284	1.78533	-0.41611	1.78533	-0.39998	1.78533	-0.38535	
1.79934	-0.52612	1.79934	-0.52409	1.79934	-0.52192	1.79934	-0.51960	1.79934	-0.51715	1.79934	-0.51192	1.79934	-0.50918	1.79934	-0.50640	1.79934	-0.50362	1.79934	-0.50086	
1.81291	-0.49909	1.81291	-0.49466	1.81291	-0.49000	1.81291	-0.48518	1.81291	-0.48025	1.81291	-0.47047	1.81291	-0.46577	1.81291	-0.46128	1.81291	-0.45706	1.81291	-0.45312	
1.82607	-0.46731	1.82607	-0.46401	1.82607	-0.46058	1.82607	-0.45705	1.82607	-0.45347	1.82607	-0.44632	1.82607	-0.44283	1.82607	-0.43946	1.82607	-0.43622	1.82607	-0.43316	
1.83885	-0.48490	1.83885	-0.48214	1.83885	-0.47908	1.83885	-0.47574	1.83885	-0.47212	1.83885	-0.46416	1.83885	-0.45993	1.83885	-0.45564	1.83885	-0.45136	1.83885	-0.44716	
1.85126	-0.53302	1.85126	-0.52473	1.85126	-0.51560	1.85126	-0.50583	1.85126	-0.49571	1.85126	-0.47591	1.85126	-0.46689	1.85126	-0.45872	1.85126	-0.45146	1.85126	-0.44510	
1.86332	-0.43384	1.86332	-0.43201	1.86332	-0.43007	1.86332	-0.42804	1.86332	-0.42592	1.86332	-0.42148	1.86332	-0.41919	1.86332	-0.41689	1.86332	-0.41458	1.86332	-0.41229	
1.88081	-0.41106	1.88081	-0.40500	1.88081	-0.39856	1.88081	-0.39187	1.88081	-0.38507	1.88081	-0.37185	1.88081	-0.36573	1.88081	-0.36006	1.88081	-0.35490	1.88081	-0.35024	
1.89209	-0.41664	1.89209	-0.41140	1.89209	-0.40589	1.89209	-0.40019	1.89209	-0.39443	1.89209	-0.38319	1.89209	-0.37793	1.89209	-0.37301	1.89209	-0.36847	1.89209	-0.36432	
1.90309	-0.41755	1.90309	-0.41242	1.90309	-0.40704	1.90309	-0.40150	1.90309	-0.39592	1.90309	-0.38508	1.90309	-0.38002	1.90309	-0.37529	1.90309	-0.37093	1.90309	-0.36696	
1.91908	-0.41843	1.91908	-0.41345	1.91908	-0.40828	1.91908	-0.40304	1.91908	-0.39784	1.91908	-0.38797	1.91908	-0.38347	1.91908	-0.37932	1.91908	-0.37554	1.91908	-0.37214	
1.92942	-0.44393	1.92942	-0.44082	1.92942	-0.43752	1.92942	-0.43405	1.92942	-0.43047	1.92942	-0.42318	1.92942	-0.41960	1.92942	-0.41614	1.92942	-0.41283	1.92942	-0.40972	
1.94448	-0.43850	1.94448	-0.43546	1.94448	-0.43223	1.94448	-0.42885	1.94448	-0.42535	1.94448	-0.41825	1.94448	-0.41476	1.94448	-0.41138	1.94448	-0.40815	1.94448	-0.40511	
1.95424	-0.43913	1.95424	-0.43623	1.95424	-0.43316	1.95424	-0.42996	1.95424	-0.42666	1.95424	-0.41996	1.95424	-0.41666	1.95424	-0.41345	1.95424	-0.41039	1.95424	-0.40749	
1.96848	-0.44258	1.96848	-0.43962	1.96848	-0.43649	1.96848	-0.43322	1.96848	-0.42984	1.96848	-0.42298	1.96848	-0.41960	1.96848	-0.41633	1.96848	-0.41320	1.96848	-0.41024	
1.98227	-0.44857	1.98227	-0.44567	1.98227	-0.44261	1.98227	-0.43940	1.98227	-0.43610	1.98227	-0.42940	1.98227	-0.42610	1.98227	-0.42289	1.98227	-0.41983	1.98227	-0.41693	
1.99564	-0.44143	1.99564	-0.43840	1.99564	-0.43518	1.99564	-0.43182	1.99564	-0.42834	1.99564	-0.42128	1.99564	-0.41781	1.99564	-0.41444	1.99564	-0.41123	1.99564	-0.40820	
2.00860	-0.43425	2.00860	-0.43135	2.00860	-0.42828	2.00860	-0.42508	2.00860	-0.42177	2.00860	-0.41506	2.00860	-0.41176	2.00860	-0.40855	2.00860	-0.40549	2.00860	-0.40259	
2.02119	-0.44029	2.02119	-0.43767	2.02119	-0.43492	2.02119	-0.43205	2.02119	-0.42910	2.02119	-0.42313	2.02119	-0.42019	2.02119	-0.41732	2.02119	-0.41456	2.02119	-0.41194	
2.03342	-0.42918	2.03342	-0.42646	2.03342	-0.42360	2.03342	-0.42062	2.03342	-0.41756	2.03342	-0.41134	2.03342	-0.40827	2.03342	-0.40529	2.03342	-0.40243	2.03342	-0.39972	
2.04532	-0.40854	2.04532	-0.40270	2.04532	-0.39610	2.04532	-0.38882	2.04532	-0.38101	2.04532	-0.36481	2.04532	-0.35700	2.04532	-0.34972	2.04532	-0.34312	2.04532	-0.33728	
2.05690	-0.38472	2.05690	-0.37930	2.05690	-0.37325	2.05690	-0.36663	2.05690	-0.35958	2.05690	-0.34499	2.05690	-0.33793	2.05690	-0.33131	2.05690	-0.32526	2.05690	-0.31985	
2.07188	-0.37505	2.07188	-0.37212	2.07188	-0.36901	2.07188	-0.36576	2.07188	-0.36241	2.07188	-0.35560	2.07188	-0.35225	2.07188	-0.34900	2.07188	-0.34589	2.07188	-0.34296	
2.08279	-0.37800	2.08279	-0.37598	2.08279	-0.37387	2.08279	-0.37171	2.08279	-0.36949	2.08279	-0.36502	2.08279	-0.36281	2.08279	-0.36064	2.08279	-0.35853	2.08279	-0.35651	
2.09691	-0.38544	2.09691	-0.38365	2.09691	-0.38181	2.09691	-0.37991	2.09691	-0.37798	2.09691	-0.37409	2.09691	-0.37216	2.09691	-0.37027	2.09691	-0.36842	2.09691	-0.36664	
2.11059	-0.41324	2.11059	-0.41324	2.11059	-0.41324	2.11059	-0.41324	2.11059	-0.41324	2.11059	-0.41324	2.11059	-0.41324	2.11059	-0.41324	2.11059	-0.41324	2.11059	-0.41324	
2.12385	-0.40091	2.12385	-0.40091	2.12385	-0.40091	2.12385	-0.40091	2.12385	-0.40091	2.12385	-0.40091	2.12385	-0.40091	2.12385	-0.40091	2.12385	-0.40091	2.12385	-0.40091	
2.13672	-0.40537	2.13672	-0.40537	2.13672	-0.40537	2.13672	-0.40537	2.13672	-0.40537	2.13672	-0.40537	2.13672	-0.40537	2.13672	-0.40537	2.13672	-0.40537	2.13672	-0.40537	
2.14922	-0.40540	2.14922	-0.40540	2.14922	-0.40540	2.14922	-0.40540	2.14922	-0.40540	2.14922	-0.40540	2.14922	-0.40540	2.14922	-0.40540	2.14922	-0.40540	2.14922	-0.40540	
2.16137	-0.39470	2.16137	-0.39470	2.16137	-0.39470	2.16137	-0.39470	2.16137	-0.39470	2.16137	-0.39470	2.16137	-0.39470	2.16137	-0.39470	2.16137	-0.39470	2.16137	-0.39470	
2.17319	-0.37729	2.17319	-0.37729	2.17319	-0.37729	2.17319	-0.37729	2.17319	-0.37729	2.17319	-0.37729	2.17319	-0.37729	2.17319	-0.37729	2.17319	-0.37729	2.17319	-0.37729	
2.18752	-0.37006	2.18752	-0.37006	2.18752	-0.37006	2.18752	-0.37006	2.18752	-0.37006	2.18752	-0.37006	2.18752	-0.37006	2.18752	-0.37006	2.18752	-0.37006	2.18752	-0.37006	
2.19866	-0.36769	2.19866	-0.36769	2.19866	-0.36769	2.19866	-0.36769	2.19866	-0.36769	2.19866	-0.36769	2.19866	-0.36769	2.19866	-0.36769	2.19866	-0.36769	2.19866	-0.36769	
2.21219	-0.37401	2.21219	-0.37401	2.21219	-0.37401	2.21219	-0.37401	2.21219	-0.37401	2.21219	-0.37401	2.21219	-0.37401	2.21219	-0.37401	2.21219	-0.37401	2.21219	-0.37401	
2.22531	-0.37879	2.22531	-0.37879	2.22531	-0.37879	2.22531	-0.37879	2.22531	-0.37879	2.22531	-0.37879	2.22531	-0.37879	2.22531	-0.37879	2.22531	-0.37879	2.22531	-0.37879	
2.23805	-0.37804	2.23805	-0.37804	2.23805	-0.37804	2.23805	-0.37804	2.23805	-0.37804	2.23805	-0.37804	2.23805	-0.37804	2.23805	-0.37804	2.23805	-0.37804	2.23805	-0.37804	
2.25042	-0.37876	2.25042	-0.37876	2.25042	-0.37876	2.25042	-0.37876	2.25042	-0.37876	2.25042	-0.37876	2.25042	-0.37876	2.25042	-0.37876	2.25042	-0.37876	2.25042	-0.37876	
2.26482	-0.37326	2.26482	-0.37326	2.26482	-0.37326	2.26482	-0.37326	2.26482	-0.37326	2.26482	-0.37326	2.26482	-0.37326	2.26482	-0.37326	2.26482	-0.37326	2.26482	-0.37326	
2.27646	-0.37679	2.27646	-0.37679	2.27646	-0.37679	2.27646	-0.37679	2.27646	-0.37679	2.27646	-0.37679	2.27646	-0.37679	2.27646	-0.37679	2.27646	-0.37679	2.27646	-0.37679	
2.29003	-0.37931	2.29003	-0.37931	2.29003	-0.37931	2.29003	-0.37931	2.29003	-0.37931	2.29003	-0.37931	2.29003	-0.37931	2.29003	-0.37931	2.29003	-0.37931	2.29003	-0.37931	
2.30320	-0.38200	2.30320	-0.38200	2.30320	-0.38200	2.30320	-0.38200	2.30320	-0.38200	2.30320	-0.38200	2.30320	-0.38200	2.30320	-0.38200	2.30320	-0.38200	2.30320	-0.38200	
2.31597	-0.38750	2.31597	-0.38750	2.31597	-0.38750	2.31597	-0.38750	2.31597	-0.38750	2.31597	-0.38750	2.31597	-0.38750	2.31597	-0.38750	2.31597	-0.38750	2.31597	-0.38750	
2.32838	-0.39243	2.32838	-0.39243	2.32838	-0.39243	2.32838	-0.39243	2.32838	-0.39243	2.32838	-0.39243	2.32838	-0.39243	2.32838	-0.39243	2.32838	-0.39243	2.32838	-0.39243	
2.34044	-0.36340	2.34044	-0.36340	2.34044	-0.36340	2.34044	-0.36340	2.34044	-0.36340	2.34044	-0.36340	2.34044	-0.36340	2.34044	-0.36340	2.34044	-0.36340	2.34044	-0.36340	
2.35411	-0.27625	2.35411	-0.27625	2.35411	-0.27625	2.35411	-0.27625	2.35411	-0.27625	2.35411	-0.27625	2.35411	-0.27625	2.35411	-0.27625	2.35411	-0.27625	2.35411	-0.27625	
2.36736	-0.26276	2.36736	-0.26276	2.36736	-0.26276	2.36736	-0.26276	2.36736	-0.26276	2.36736	-0.26276	2.36736	-0.26276	2.36736	-0.26276	2.36736	-0.26276	2.36736	-0.26276	
2.38021	-0.26207	2.38021	-0.26207	2.38021	-0.26207	2.38021	-0.26207	2.38021	-0.26207	2.38021	-0.26207	2.38021	-0.26207	2.38021	-0.26207	2.38021	-0.26207	2.38021	-0.26207	
