2020-06-10 13:54:05:315, 0, 0.0001, 0.0000, 1, 0.2809, 1591797245233, -1591797241673, 0.0000, 0.0000
2020-06-10 13:54:05:415, 0, 0.3339, 3.3379, 3501, 35000.0000, 0, 100, 3.3379, 35000.0000
2020-06-10 13:54:05:520, 0, 2.7121, 22.6493, 28438, 237495.2381, 0, 105, 22.6493, 237495.2381
2020-06-10 13:54:05:623, 0, 6.3253, 35.0804, 66326, 367844.6602, 0, 103, 35.0804, 367844.6602
2020-06-10 13:54:05:726, 0, 13.5519, 70.1608, 142102, 735689.3204, 0, 103, 70.1608, 735689.3204
2020-06-10 13:54:05:827, 0, 19.8751, 62.6064, 208406, 656475.2475, 0, 101, 62.6064, 656475.2475
2020-06-10 13:54:05:927, 0, 25.9626, 60.8749, 272238, 638320.0000, 0, 100, 60.8749, 638320.0000
2020-06-10 13:54:06:027, 0, 31.9521, 59.8946, 335042, 628040.0000, 0, 100, 59.8946, 628040.0000
2020-06-10 13:54:06:127, 0, 43.3165, 113.6436, 454206, 1191640.0000, 0, 100, 113.6436, 1191640.0000
2020-06-10 13:54:06:227, 0, 56.1510, 128.3455, 588786, 1345800.0000, 0, 100, 128.3455, 1345800.0000
2020-06-10 13:54:06:327, 0, 65.2796, 91.2857, 684506, 957200.0000, 0, 100, 91.2857, 957200.0000
2020-06-10 13:54:06:427, 0, 76.1194, 108.3984, 798170, 1136640.0000, 0, 100, 108.3984, 1136640.0000
2020-06-10 13:54:06:527, 0, 87.7195, 116.0011, 919806, 1216360.0000, 0, 100, 116.0011, 1216360.0000
