2020-06-10 13:54:12:479, 0, 0.0001, 0.0000, 1, 0.2889, 1591797252401, -1591797248939, 0.0000, 0.0000
2020-06-10 13:54:12:579, 0, 0.4769, 4.7684, 5001, 50000.0000, 0, 100, 4.7684, 50000.0000
2020-06-10 13:54:12:679, 0, 3.4750, 29.9807, 36438, 314370.0000, 0, 100, 29.9807, 314370.0000
2020-06-10 13:54:12:779, 0, 9.3214, 58.4641, 97742, 613040.0000, 0, 100, 58.4641, 613040.0000
2020-06-10 13:54:12:879, 0, 17.9758, 86.5440, 188490, 907480.0000, 0, 100, 86.5440, 907480.0000
2020-06-10 13:54:12:979, 0, 25.6289, 76.5305, 268738, 802480.0000, 0, 100, 76.5305, 802480.0000
2020-06-10 13:54:13:079, 0, 33.7111, 80.8220, 353486, 847480.0000, 0, 100, 80.8220, 847480.0000
2020-06-10 13:54:13:180, 0, 40.3204, 65.4391, 422790, 686178.2178, 0, 101, 65.4391, 686178.2178
2020-06-10 13:54:13:280, 0, 49.4967, 91.7625, 519010, 962200.0000, 0, 100, 91.7625, 962200.0000
2020-06-10 13:54:13:381, 0, 61.4279, 118.1310, 644118, 1238693.0693, 0, 101, 118.1310, 1238693.0693
2020-06-10 13:54:13:481, 0, 72.5538, 111.2595, 760782, 1166640.0000, 0, 100, 111.2595, 1166640.0000
2020-06-10 13:54:13:581, 0, 86.7208, 141.6702, 909334, 1485520.0000, 0, 100, 141.6702, 1485520.0000
