2020-06-10 13:54:19:594, 0, 0.0001, 0.0000, 1, 0.2843, 1591797259517, -1591797256000, 0.0000, 0.0000
2020-06-10 13:54:19:695, 0, 0.4769, 4.7212, 5001, 49504.9505, 0, 101, 4.7212, 49504.9505
2020-06-10 13:54:19:798, 0, 3.6154, 30.4704, 37910, 319504.8544, 0, 103, 30.4704, 319504.8544
2020-06-10 13:54:19:898, 0, 8.9426, 53.2722, 93770, 558600.0000, 0, 100, 53.2722, 558600.0000
2020-06-10 13:54:19:999, 0, 18.0685, 90.3554, 189462, 947445.5446, 0, 101, 90.3554, 947445.5446
2020-06-10 13:54:20:102, 0, 26.1984, 78.9309, 274710, 827650.4854, 0, 103, 78.9309, 827650.4854
2020-06-10 13:54:20:202, 0, 36.0899, 98.9151, 378430, 1037200.0000, 0, 100, 98.9151, 1037200.0000
2020-06-10 13:54:20:302, 0, 45.4542, 93.6432, 476622, 981920.0000, 0, 100, 93.6432, 981920.0000
2020-06-10 13:54:20:402, 0, 57.9576, 125.0343, 607730, 1311080.0000, 0, 100, 125.0343, 1311080.0000
2020-06-10 13:54:20:502, 0, 71.3644, 134.0675, 748310, 1405800.0000, 0, 100, 134.0675, 1405800.0000
2020-06-10 13:54:20:602, 0, 83.9659, 126.0147, 880446, 1321360.0000, 0, 100, 126.0147, 1321360.0000
